-0.148104262472472
-0.0405821533496759
0.0145911219819518
0.0868179616878142
-0.0337351794108871
0.119045350217801
0.205872128858061
0.220680263862986
0.229095486920857
0.074609863329734
-0.0204691403686754
-0.0651703108286272
0.169172341343027
0.528813504183072
-0.014890879687623
-0.019898408453525
0.101405370174976
0.0685602173054976
0.0102436895276062
0.0472118921863502
0.0550837934439218
0.0788335583673342
0.0730089162650444
0.0567311886892951
-0.0020797175069505
-0.0499730106447777
-0.071817946182728
-0.0989529343868926
-0.027186737074103
0.0722430793591185
0.049067030091775
-0.0961055833998567
-0.158982208959736
0.213341348695373
0.0751997850562551
0.0515776213244271
0.0216986548193555
-0.0121284166980055
0.0385691871286194
0.0773612261518507
0.0625314910765619
0.029556973188981
0.0488643634692987
0.024558364878773
-0.0226675437045817
-0.0332590111279619
0.0764208276284136
0.458382524998873
0.372104446113817
0.178831794626373
-0.0491941662086288
-0.208859270779968
-0.0493583503267293
-0.143575869485601
-0.166021663244122
0.163709627819638
0.0342818992621907
-0.0356092117235258
0.0916128306926314
0.0926445831099909
-0.0615011488849862
0.00837039645571189
-0.0757104375068925
-0.177847189151069
0.502321908013229
0.490220813123773
0.86074815754022
0.0420145869813077
0.502321908013229
1.01657688466816
0.0858330758634858
-0.0460655826001864
0.137747514932309
0.04468442086673
0.996885473957223
0.0104074700629256
0.0385691871286194
0.0104074700629256
0.720828905015532
0.0122922590672539
-0.01058036947301
-0.0823364940909023
-0.0224779367876552
-0.103299159515262
-0.0586143713545088
-0.09321659046292
-0.00552077967917924
-0.0915720416292666
-0.0287853574165241
0.650431400208272
0.108808903220923
0.220105197809883
0.474169593326788
-0.022992672182483
0.230107584655089
0.334431750293568
-0.1085931365843
-0.0427760353241364
0.213341348695373
0.0122922590672539
-0.0989529343868926
-0.0951226147342628
-0.103299159515262
0.213341348695373
-0.0823364940909023
0.86074815754022
0.916423702517352
0.866198976562159
0.8204966252574
0.682877710466676
0.827108135447021
-0.204669879126346
0.0677579836148936
-0.0460655826001864
-0.014299612822261
0.034981405668665
0.818542119980723
1.08616692280061
0.00901155892874408
-0.0915720416292666
0.77097181669703
0.588189960262715
-0.12649243758999
-0.0426199624727922
-0.0236063885053587
-0.0475550511611681
0.00168772275605514
-0.0201730387053923
0.334431750293568
0.866198976562159
0.116433894959691
0.916423702517352
0.556692251751111
0.916423702517352
0.59116866373377
0.57072649220947
0.849529238796313
0.515605833817707
0.8204966252574
0.720828905015532
-0.210812688705721
-0.0961055833998567
-0.0931078214089766
0.0625314910765619
0.996885473957223
-0.00449556559164516
-0.19625017508758
-0.0427760353241364
-0.0236489536189548
-0.0119976118591729
-0.0475550511611681
-0.0989529343868926
0.030838418865777
-0.00261859015027388
0.181206311521689
0.114204646513834
0.181206311521689
0.556692251751111
0.453017635544153
0.720512303422546
0.805992578885399
0.205872128858061
0.186953371697348
0.00727625057195858
0.515605833817707
0.119045350217801
-0.09321659046292
-0.0486689907232635
-0.0112944346758315
0.00878980788193542
0.314456024374296
0.233493814981717
0.00752944276702763
0.00752944276702763
-0.00449556559164516
0.154218269532914
0.233493814981717
0.0825309599816987
-0.00377854369253071
0.137747514932309
0.0648151781789767
0.360706468123719
-0.135182477975395
0.0158504329294192
-0.00261859015027388
-0.00261859015027388
0.0305373343475885
0.00217864407490015
0.00828687488515509
0.0233643382246491
-0.0925559270313881
-0.053760675962802
0.937132802971817
0.735291598727965
0.949484098019863
0.899577037681315
0.805992578885399
0.899577037681315
0.340388022712448
0.526596342158416
0.145181056401665
0.735291598727965
0.268155463854761
0.21712600411447
0.365658292966948
0.00837039645571189
0.0648151781789767
0.0864792103036965
0.0762402001421923
0.0825309599816987
-0.132485156850736
0.907766429263698
0.996885473957223
1.08616692280061
0.491034199407534
0.555953986251826
0.261427405497586
0.491034199407534
-0.00566747572601511
0.144655717012336
0.0498024433076015
-0.0919269943777149
-0.135182477975395
-0.0919269943777149
-0.0778235817065702
-0.0919269943777149
-0.196124786134859
-0.21802382683494
-0.21802382683494
0.0158504329294192
0.00828687488515509
0.0814371252478491
0.474169593326788
0.666230945017943
-0.13464847264101
0.526596342158416
0.074609863329734
0.526596342158416
0.805992578885399
0.0884214541383036
0.0682568723182573
0.0884214541383036
0.0515776213244271
0.0515776213244271
1.01657688466816
0.73739596469771
0.8204966252574
0.555953986251826
-0.0652967277560786
-0.12649243758999
0.360706468123719
0.0541412237014225
0.0498024433076015
0.0498024433076015
-0.077750647839078
-0.0561345855062036
-0.166021663244122
0.0233643382246491
0.0397386227085456
0.0771827179615853
0.0397386227085456
-0.053760675962802
-0.00225808831257179
-0.0592268378795215
-0.0607790287193144
-0.0264255312353127
0.169348751642038
0.0682568723182573
0.0926445831099909
0.0864792103036965
-0.0356092117235258
0.0677133093485482
0.0281019022766581
0.0378581012632219
0.0378581012632219
0.0281019022766581
-0.0236063885053587
0.012172286918727
-0.0285562204732947
-0.0630483400259906
0.012172286918727
0.163709627819638
0.00546197433380913
-0.00566747572601511
-0.141674391233617
-0.12649243758999
-0.0778235817065702
-0.0778235817065702
-0.0218511575489509
-0.0218511575489509
-0.0849690956172182
-0.0754518538861844
-0.168435066766447
-0.137933098790752
-0.124034391084976
0.0769274629363101
-0.0915983199357474
0.0769274629363101
-0.0915983199357474
-0.0917472396423134
-0.0917472396423134
0.136614841990613
-0.00225808831257179
0.116433894959691
-0.0925559270313881
-0.0811359764693262
-0.0811359764693262
-0.0607790287193144
-0.0427760353241364
0.00546197433380913
-0.12649243758999
-0.209724912318505
-0.22654606749265
-0.209724912318505
-0.204669879126346
-0.0592268378795215
-0.22654606749265
-0.103969063666086
-0.199959810180185
0.130407900379932
-0.161337445076408
-0.232870374568127
-0.255633952619146
-0.199959810180185
0.114204646513834
0.0462758517080008
0.222603949550291
-0.161337445076408
-0.232870374568127
0.0462758517080008
0.0150350884843199
0.222603949550291
0.190075882705199
0.222603949550291
0.666569948233276
0.668183659415408
0.340388022712448
0.0150350884843199
0.0992757407272206
0.198455769710276
0.289881116730682
0.171942340853189
0.199379427914832
0.337055161291747
0.396189394604964
0.0992757407272206
0.259244785465366
0.100506199239768
0.273960170546281
0.290074674216471
0.233398556369695
0.259244785465366
0.290074674216471
0.26151182908262
0.190075882705199
0.213030672652859
0.199379427914832
0.273960170546281
0.290074674216471
0.0378648072338407
-0.014890879687623
0.233398556369695
0.163753516959577
0.150976779596545
0.189247265105498
0.163753516959577
0.0446815307893076
-0.0443682680335974
0.528813504183072
0.295636096826593
0.295636096826593
0.30731746725034
0.167088727753908
-0.0607792400396462
-0.0607792400396462
-0.0632482113462335
-0.024003547078956
-0.0287853574165241
-0.0617276503043882
-0.0235124530518811
-0.0617276503043882
-0.01447559840777
0.00463487113156519
-0.0332979081593702
-0.022992672182483
-0.0228525804355686
0.0439999983779623
0.0140386366546708
0.0439999983779623
0.0200279622339752
0.0439999983779623
0.152053014981104
0.0649268222401196
-0.0644078367000809
0.0204281625073853
0.0313805665897582
-0.0621536996969692
-0.0166578742195783
0.0974829162885401
0.00272733500668401
0.187045740306614
0.0974829162885401
0.0441468394178042
0.0200279622339752
-0.01058036947301
0.0592485217459706
0.0136580764488659
-0.0586143713545088
-0.0617276503043882
-0.00502500158757872
-0.0318038422108114
0.0259682930662589
-0.0318038422108114
-0.0166578742195783
-0.0228525804355686
0.0259682930662589
0.0608283676760751
-0.00502500158757872
0.0359696765874175
0.0357840471222781
-0.000662593821524324
-0.00496674343632748
0.00463487113156519
-0.01058036947301
-0.00496674343632748
-0.0242360192712087
0.00482345620734612
0.00111919111395505
-0.0235124530518811
-0.0318038422108114
0.0377520030456209
0.0608283676760751
0.0431459824604381
0.190254921368403
0.0917410808442417
0.130094537858126
0.00482345620734612
0.0253410230677625
0.11486706616687
0.0827773914000802
0.110343186533293
0.00111919111395505
0.0204281625073853
-0.0061455662858048
0.0253410230677625
0.0229012528192931
0.00272733500668401
0.130094537858126
0.11486706616687
0.0313805665897582
0.0359696765874175
0.0548860091650066
0.239373664471868
0.239373664471868
0.0858330758634858
0.502321908013229
-0.0757104375068925
0.0499926689526877
-0.0931078214089766
-0.0224779367876552
0.183279821791944
0.0971153281395121
0.0169894523072159
0.0676577273834134
0.0676577273834134
0.0282577075086102
0.04468442086673
0.0971153281395121
0.290771677132288
0.025763050629811
0.0764208276284136
-0.0102545942316269
0.279623088001498
0.0282577075086102
-0.0146218004076549
0.279623088001498
0.0262121960555301
0.0764208276284136
-0.0102545942316269
-0.0226675437045817
-0.0139054795045635
0.164770945305253
0.164770945305253
0.458382524998873
0.343454341366015
0.0325993479120696
0.0325993479120696
-0.0112944346758315
0.04468442086673
0.0488643634692987
0.025763050629811
0.334431750293568
0.0228525617943182
-0.0337351794108871
0.21712600411447
0.108808903220923
0.0850257265992121
-0.0652967277560786
0.01001707396643
-0.0931078214089766
-0.229245401632229
-0.226319574212632
0.8204966252574
-0.0405821533496759
-0.0112091888715666
-0.110584334997735
-0.077750647839078
-0.0493583503267293
-0.0979019482841866
-0.135070982190913
-0.232940679667452
-0.130034430968677
0.0577677146683864
-0.110584334997735
0.25161325291049
-0.130034430968677
-0.229245401632229
0.343454341366015
-0.0491941662086288
0.25161325291049
-0.0979019482841866
-0.146963320593962
0.458382524998873
0.25161325291049
0.372104446113817
0.340388022712448
0.0559511627886313
0.0578553347683551
0.54411455164869
0.0578553347683551
0.0578553347683551
-0.0849690956172182
-0.0164540171714195
-0.0811359764693262
0.193571683468509
-0.019898408453525
-0.0587695238864029
0.174713386215049
0.174713386215049
0.0585694260952037
0.150976779596545
0.189247265105498
0.107711844958916
0.11486706616687
0.136564973529288
0.190254921368403
0.0378648072338407
0.0446815307893076
0.0333934876686976
0.0242213289237546
0.0333934876686976
0.0333934876686976
0.0859767820747007
0.0859767820747007
0.0580979079527958
-0.0260309766454201
-0.00297119622457553
0.0136580764488659
-0.0260309766454201
-0.0260309766454201
-0.0173684221038194
0.0228525617943182
0.0228525617943182
0.020916306979904
0.0662478479418047
0.0550837934439218
0.0377520030456209
0.00168772275605514
0.0161375057861429
0.0482197867096574
0.0161375057861429
0.0496929596468176
0.15366103628491
0.0585694260952037
-0.0707451528282362
0.169348751642038
0.337055161291747
0.337055161291747
0.171942340853189
0.0827773914000802
0.30731746725034
0.376657292653258
0.213030672652859
0.0238125393847526
0.0229012528192931
-0.00297119622457553
0.00336599744103557
0.0361248918714231
0.0301488337045245
0.0301488337045245
0.0361248918714231
0.130094537858126
0.187045740306614
