0.00484494417592407
-0.0406301803406205
-0.0457551264445644
-0.0352504641787945
0.0108033787867852
0.0445634681458658
0.075944277372305
0.116853621269903
0.0353002692540472
0.042494391612252
-0.0212257471147891
0.0229030429540553
0.0944287375392878
0.0815893911753873
-0.0754779301130057
0.515545461365113
0.49507278325987
1.21916808585041
1.33288831640473
0.833778070130381
0.211834734372839
-0.293565446552305
-0.524942055835223
-0.404487038226777
-0.0576112035501195
-0.0388655512304055
-0.152595798278856
-0.152595798278856
-0.0925931246666833
-0.108909267041296
0.0351383710969639
0.749331885738653
1.12673221918032
0.804312122526013
0.484890439267401
0.394698430033117
0.217538972172652
0.153454289377439
0.183851106666171
-0.037638454114701
-0.0811147951741393
0.385226498357143
0.227353755676674
-0.188487284324327
-0.0278869159360289
-0.0263089902599052
-0.150321266337175
-0.104910968754601
0.0156706115896224
-0.0299563793936781
-0.217673283180177
-0.206583544667561
-0.0814375904878268
0.0917306904144404
0.157775501571171
0.0855122252285185
0.00325865059003561
-0.0480965966135607
-0.0391467963222927
-0.00205404429235556
0.0178494725961106
0.0144962578978171
-0.189019582360281
-0.277526117032918
-0.129623931886419
-0.0318351136694727
0.0511872539870171
0.215402330583449
0.391562954586729
0.655511034076163
1.08718584567941
1.14509004407568
0.898419218150569
0.47156739852712
0.581618394507241
0.58011266227547
0.432230542702787
0.0813278956051693
-0.0478594943484839
-0.133461267559549
-0.0998123656893118
0.0508658091661314
0.164376870956242
0.450985006381625
0.777968852906242
0.0754443798068812
0.897572247168135
0.897572247168135
0.897572247168135
0.897572247168135
1.25263672306093
0.980113264626898
1.23931135506658
1.25263672306093
0.887275312026546
1.09950824415314
0.980113264626898
0.980113264626898
0.980113264626898
0.980113264626898
0.980113264626898
0.980113264626898
0.980113264626898
0.980113264626898
1.23931135506658
0.980113264626898
0.980113264626898
0.980113264626898
0.980113264626898
1.23931135506658
1.23931135506658
1.23931135506658
1.23931135506658
1.23931135506658
1.23931135506658
0.980113264626898
1.00006622948828
1.23931135506658
1.25263672306093
0.897572247168135
1.23931135506658
1.25263672306093
1.23931135506658
1.23931135506658
1.23931135506658
0.624556536999743
1.23931135506658
1.25263672306093
1.25263672306093
1.25263672306093
1.25263672306093
1.23931135506658
0.515545461365113
1.09950824415314
0.980113264626898
1.00006622948828
1.00006622948828
1.00006622948828
1.00006622948828
1.00006622948828
0.980113264626898
1.00006622948828
1.00006622948828
1.00006622948828
0.789059165012344
1.09950824415314
0.789059165012344
1.09950824415314
1.09950824415314
1.09950824415314
0.329855551966594
1.09950824415314
1.09950824415314
1.09950824415314
1.09950824415314
1.09950824415314
1.09950824415314
1.09950824415314
1.00006622948828
1.00006622948828
1.09950824415314
1.09950824415314
1.00006622948828
0.366987566154628
1.23931135506658
1.09950824415314
1.09950824415314
0.980113264626898
0.782167288782945
1.09950824415314
0.561377008484002
1.00006622948828
0.515545461365113
1.00006622948828
1.23931135506658
1.25263672306093
1.25263672306093
1.25263672306093
1.09950824415314
0.782167288782945
0.782167288782945
0.782167288782945
0.782167288782945
0.782167288782945
0.782167288782945
0.782167288782945
0.782167288782945
0.323514029689847
0.777968852906242
0.551411366419176
0.782167288782945
0.782167288782945
0.782167288782945
0.782167288782945
0.782167288782945
0.777968852906242
0.323514029689847
0.0325565182745122
0.782167288782945
0.323514029689847
0.551411366419176
0.782167288782945
0.782167288782945
0.777968852906242
0.777968852906242
1.00006622948828
0.777968852906242
0.777968852906242
1.00006622948828
0.777968852906242
0.777968852906242
0.777968852906242
0.777968852906242
0.777968852906242
0.777968852906242
0.777968852906242
0.777968852906242
0.551411366419176
0.777968852906242
0.777968852906242
0.551411366419176
0.551411366419176
0.551411366419176
0.551411366419176
0.551411366419176
-0.0835308362715261
0.571264889762956
0.551411366419176
0.571264889762956
0.571264889762956
0.551411366419176
-0.121547586276472
1.00006622948828
1.25263672306093
1.25263672306093
1.25263672306093
1.25263672306093
1.25263672306093
0.551411366419176
1.00006622948828
0.551411366419176
0.551411366419176
0.551411366419176
0.551411366419176
0.551411366419176
0.551411366419176
0.551411366419176
0.571264889762956
0.571264889762956
0.571264889762956
0.571264889762956
0.450985006381625
0.571264889762956
0.571264889762956
0.410433431876474
0.777968852906242
0.612145696292479
0.329855551966594
0.366987566154628
0.450985006381625
0.571264889762956
0.571264889762956
0.571264889762956
0.410433431876474
0.410433431876474
0.410433431876474
0.410433431876474
0.410433431876474
0.410433431876474
0.410433431876474
0.450985006381625
0.571264889762956
0.410433431876474
0.410433431876474
0.410433431876474
0.410433431876474
0.410433431876474
0.410433431876474
0.410433431876474
0.410433431876474
0.450985006381625
0.571264889762956
0.410433431876474
0.450985006381625
0.410433431876474
0.571264889762956
0.410433431876474
0.410433431876474
-0.150321266337175
0.777968852906242
0.450985006381625
0.450985006381625
0.450985006381625
0.450985006381625
0.450985006381625
0.450985006381625
0.329855551966594
0.38373419567724
0.410433431876474
0.32767792847877
0.450985006381625
0.407051851133167
0.450985006381625
0.450985006381625
0.38373419567724
0.340206603281548
0.38373419567724
0.38373419567724
0.38373419567724
0.38373419567724
0.38373419567724
0.450985006381625
0.340206603281548
0.38373419567724
0.38373419567724
0.38373419567724
0.38373419567724
-0.00416973636650497
0.38373419567724
0.38373419567724
-0.00416973636650497
0.38373419567724
0.233759530107849
0.38373419567724
0.38373419567724
-0.00416973636650497
-0.00416973636650497
0.0927202198919452
0.109019387433571
0.407051851133167
0.38373419567724
-0.00874279511940257
-0.00833071979488054
-0.0754779301130057
-0.0754779301130057
0.0994048176201315
0.0196323833798351
-0.126117021021799
-0.00874279511940257
0.134126858522937
0.137409940616348
-0.110792275798356
0.105387764807787
0.0196323833798351
-0.25940102262238
-0.295817378366187
-0.178379928822658
-0.522378210857419
-0.110792275798356
0.106050303353514
-0.0284817514622179
-0.702556216943152
-0.375012383628493
-0.939783243391332
-0.522378210857419
-0.702556216943152
-0.178612718966524
-0.597193234214801
-0.965480686226645
-0.965480686226645
-0.965480686226645
-0.965480686226645
-0.965480686226645
-0.675454238767354
-0.965480686226645
-0.965480686226645
-0.675454238767354
-0.675454238767354
-0.965480686226645
-0.590917221632835
-0.965480686226645
-0.590917221632835
-0.965480686226645
-0.675454238767354
-0.590917221632835
-0.590917221632835
-0.590917221632835
0.225396948701447
-0.939783243391332
-0.450692456875009
-0.939783243391332
-0.982113964925869
-0.939783243391332
-0.982113964925869
-0.939783243391332
-0.939783243391332
-0.939783243391332
-0.939783243391332
-0.939783243391332
-0.939783243391332
-0.939783243391332
-0.939783243391332
-0.939783243391332
-0.939783243391332
-0.939783243391332
-0.965480686226645
-0.965480686226645
-0.965480686226645
-0.965480686226645
-0.965480686226645
-0.675454238767354
-0.590917221632835
-0.275598404478789
-0.590917221632835
-0.64722296989663
-0.190732111913778
0.468426933632635
0.468426933632635
0.644482380060392
-0.982113964925869
-0.982113964925869
-0.982113964925869
-0.982113964925869
-0.982113964925869
-0.982113964925869
-0.982113964925869
-0.982113964925869
-0.982113964925869
-0.982113964925869
-0.965480686226645
-0.965480686226645
-0.939783243391332
0.225396948701447
-0.675454238767354
-0.675454238767354
-0.675454238767354
-0.675454238767354
-0.675454238767354
-0.675454238767354
-0.675454238767354
-0.675454238767354
-0.675454238767354
-0.675454238767354
-0.590917221632835
-0.355510640216411
-0.590917221632835
-0.590917221632835
-0.675454238767354
-0.675454238767354
-0.590917221632835
-0.590917221632835
-0.590917221632835
-0.590917221632835
-0.275598404478789
-0.275598404478789
-0.590917221632835
0.0192856873172693
0.0933491455452052
-0.833740048339731
-0.833740048339731
-0.833740048339731
0.601735745185717
0.898419218150569
1.14509004407568
-0.384158279712825
-0.982113964925869
-0.939783243391332
-0.796414440536952
-0.275598404478789
-0.275598404478789
-0.275598404478789
-0.275598404478789
-0.275598404478789
-0.275598404478789
0.0544430641120932
-0.275598404478789
-0.275598404478789
-0.275598404478789
0.0544430641120932
-0.275598404478789
-0.275598404478789
0.0544430641120932
0.0544430641120932
0.0544430641120932
0.0544430641120932
0.0544430641120932
0.0544430641120932
0.0192856873172693
0.0544430641120932
0.0544430641120932
0.0544430641120932
0.0544430641120932
-0.590917221632835
0.042494391612252
0.0351714157204158
-0.982113964925869
0.644482380060392
1.14509004407568
0.898419218150569
0.898419218150569
0.898419218150569
0.898419218150569
1.14509004407568
-0.982113964925869
-0.982113964925869
-0.590917221632835
0.0544430641120932
0.0544430641120932
0.0544430641120932
-0.982113964925869
-0.131056981949537
-0.590917221632835
-0.590917221632835
-0.277526117032918
-0.277526117032918
0.148074900956947
0.542211019485701
1.08718584567941
1.08718584567941
0.887780245472286
-0.20991706222631
0.00623419933492775
0.887780245472286
0.887780245472286
1.08718584567941
0.887780245472286
-0.464308094301113
0.176911844689192
-0.1851565280398
-0.0828531618222984
-0.0416868858329927
-0.464308094301113
-0.0321704214940018
-0.149902426258009
-0.0183634039047813
0.432230542702787
-0.0825524112807935
-0.0476503186506333
0.00863609071515792
0.100326514734132
-0.0283491799872652
0.980113264626898
1.26333427235036
1.26333427235036
1.26333427235036
1.26333427235036
1.26333427235036
1.27406154662412
1.26333427235036
1.26333427235036
1.26333427235036
1.26333427235036
1.26333427235036
1.26333427235036
1.26333427235036
1.27406154662412
1.27406154662412
1.27406154662412
1.26333427235036
1.26333427235036
1.33288831640473
1.27406154662412
1.26333427235036
1.25263672306093
1.21916808585041
1.21916808585041
1.21916808585041
1.26333427235036
1.26333427235036
1.26333427235036
1.25263672306093
1.26333427235036
1.27406154662412
1.27406154662412
1.27406154662412
1.27406154662412
1.27406154662412
1.27406154662412
1.27406154662412
1.27777249747683
1.21916808585041
1.33288831640473
1.21916808585041
1.21916808585041
1.21916808585041
1.27406154662412
1.33288831640473
1.33288831640473
1.21916808585041
1.33288831640473
1.33288831640473
1.21916808585041
1.21916808585041
1.21916808585041
1.21916808585041
1.33288831640473
1.33288831640473
1.19804718248571
1.33288831640473
1.33288831640473
1.27406154662412
1.21916808585041
1.27406154662412
0
0
0
0
0
0
0
0
0
0
0
0
0
0
0
0
0
0
0
0
0
0
0
0
0
0
0
0
0
0
0
0
0
0
0
0
0
0
0
0
0
0
0
0
0
0
0
0
0
0
0
0
0
0
0
0
0
0
0
0
0
0
0
0
0
0
0
0
0
0
0
0
0
0
0
0
0
0
0
0
0
0
0
0
0
0
0
0
0
0
0
0
0
0
0
0
0
0
0
0
0
0
0
0
0
0
0
0
0
0
0
0
0
0
0
0
0
0
0
0
0
0
0
0
0
0
0
0
0
0
0
0
0
0
0
0
0
0
0
0
0
0
0
0
0
0
0
0
0
0
0
0
0
0
0
0
0
0
0
0
0
0
0
0
0
0
0
0
0
0
0
0
0
0
0
0
0
0
0
0
0
0
0
0
0
0
0
0
0
0
0
0
0
0
0
0
0
0
0
0
0
0
0
0
0
0
0
0
0
0
0
0
0
0
0
0
0
0
0
0
0
0
0
0
0
0
0
0
0
0
0
0
0
0
0
0
0
0
0
0
0
0
0
0
0
0
0
0
0
0
0
0
0
0
0
0
0
0
0
0
0
0
0
0
0
0
0
0
0
0
0
0
0
0
0
0
0
0
0
0
0
0
0
0
0
0
0
0
0
0
0
0
0
0
0
0
0
0
0
0
0
0
0
0
0
0
0
0
0
0
0
0
0
0
0
0
0
0
0
0
0
0
0
0
0
0
0
0
0
0
0
0
0
0
0
0
0
0
0
0
0
0
0
0
0
0
0
0
0
0
0
0
0
0
0
0
0
0
0
0
0
0
0
0
0
0
0
0
0
0
0
0
0
0
0
0
0
0
0
0
0
0
0
0
0
0
0
0
0
0
0
0
0
0
0
0
0
0
0
0
0
0
0
0
0
0
0
0
0
0
0
0
0
0
0
0
0
0
0
0
0
0
0
0
0
0
0
0
0
0
0
0
0
0
0
0
0
0
0
0
0
0
0
0
0
0
0
0
0
0
0
0
0
0
0
0
0
0
0
0
0
0
0
0
0
0
0
0
0
0
0
0
0
0
0
0
0
0
0
0
0
0
0
0
0
0
0
0
0
0
0
0
0
0
0
0
0
0
0
0
0
0
0
0
0
0
0
0
0
0
0
0
0
0
0
0
0
0
0
0
0
0
0
0
0
0
0
0
0
0
0
0
0
0
0
0
0
0
0
0
0
0
0
0
0
0
0
0
0
0
0
0
0
0
0
0
0
0
0
0
0
0
0
0
0
0
0
0
0
0
0
0
0
0
0
0
0
0
0
0
0
0
0
0
0
0
0
0
0
0
0
0
0
0
0
0
0
0
0
0
0
0
0
0
0
0
0
0
0
0
0
0
0
0
0
0
0
0
0
0
0
0
0
0
0
0
0
0
0
0
0
0
0
0
0
0
0
0
0
0
0
0
0
0
0
0
0
0
0
0
0
0
0
0
0
0
0
0
0
0
0
0
0
0
0
0
0
0
0
0
0
0
0
0
0
0
0
0
0
0
0
0
0
0
0
0
0
0
0
0
0
0
0
0
0
0
0
0
0
0
0
0
0
0
0
0
0
0
0
0
0
0
0
0
0
0
0
0
0
0
0
0
0
0
0
0
0
0
0
0
0
0
0
0
0
0
0
0
0
0
0
0
0
0
0
0
0
0
0
0
0
0
0
0
0
0
0
0
0
0
0
0
0
0
0
0
0
0
0
0
0
0
0
0
0
0
0
0
0
0
0
0
0
0
0
0
0
0
0
0
0
0
0
0
0
0
0
0
0
0
0
0
0
0
0
0
0
0
0
0
0
0
0
0
0
0
0
0
0
0
0
0
0
0
0
0
0
0
0
0
0
0
0
0
0
0
0
0
0
0
0
0
0
0
0
0
0
0
0
0
0
0
0
0
0
0
0
0
0
0
0
0
0
0
0
0
0
0
0
0
0
0
0
0
0
0
0
0
0
0
0
0
0
0
0
0
0
0
0
0
0
0
0
0
0
0
0
0
0
0
0
0
0
0
0
0
0
0
0
0
0
0
0
0
0
0
0
0
0
0
0
0
0
0
0
0
0
0
0
0
0
0
0
0
0
0
0
0
0
0
0
0
0
0
0
0
0
0
0
0
0
0
0
0
0
0
0
0
0
0
0
0
0
0
0
0
0
0
0
0
0
0
0
0
0
0
0
0
0
