0.0102436895276062
0.0472118921863502
0.0550837934439218
0.0788335583673342
0.0730089162650444
0.0567311886892951
-0.0020797175069505
-0.0499730106447777
-0.071817946182728
-0.0989529343868926
-0.027186737074103
0.0722430793591185
0.049067030091775
-0.0961055833998567
-0.158982208959736
0.213341348695373
0.0751997850562551
0.0515776213244271
0.0216986548193555
-0.0121284166980055
0.0385691871286194
0.0773612261518507
0.0625314910765619
0.029556973188981
0.0488643634692987
0.024558364878773
-0.0226675437045817
-0.0226675437045817
-0.0332590111279619
-0.0102545942316269
0.0764208276284136
0.290771677132288
0.458382524998873
0.372104446113817
0.222367468094304
0.178831794626373
-0.232940679667452
-0.208859270779968
-0.0112091888715666
-0.166021663244122
0.0499926689526877
0.0342818992621907
-0.0630483400259906
0.0916128306926314
-0.00377854369253071
-0.0615011488849862
0.0541412237014225
-0.0757104375068925
-0.148104262472472
-0.1085931365843
-0.0405821533496759
0.0145911219819518
0.0850257265992121
0.0868179616878142
-0.0337351794108871
0.00727625057195858
0.119045350217801
0.186953371697348
0.205872128858061
0.220680263862986
0.268155463854761
0.229095486920857
0.145181056401665
0.074609863329734
-0.0204691403686754
-0.0707451528282362
-0.0651703108286272
0.0166306023495497
0.169172341343027
0.376657292653258
0.528813504183072
0.307539229832648
0.100506199239768
-0.0587695238864029
-0.0443682680335974
-0.019898408453525
0.0357840471222781
0.101405370174976
0.0598625207626711
0.0441468394178042
0.0685602173054976
0.0361248918714231
0.502321908013229
1.01657688466816
0.996885473957223
0.650431400208272
0.0648151781789767
0.0648151781789767
0.0648151781789767
0.0648151781789767
0.0884214541383036
0.334431750293568
0.154218269532914
0.0884214541383036
0.137747514932309
0.233493814981717
0.334431750293568
0.334431750293568
0.334431750293568
0.334431750293568
0.334431750293568
0.334431750293568
0.334431750293568
0.334431750293568
0.154218269532914
0.334431750293568
0.334431750293568
0.334431750293568
0.334431750293568
0.154218269532914
0.154218269532914
0.154218269532914
0.154218269532914
0.154218269532914
0.154218269532914
0.334431750293568
0.588189960262715
0.154218269532914
0.0884214541383036
0.0648151781789767
0.154218269532914
0.0884214541383036
0.154218269532914
0.154218269532914
0.154218269532914
0.0682568723182573
0.154218269532914
0.0884214541383036
0.0884214541383036
0.0884214541383036
0.0884214541383036
0.154218269532914
0.213341348695373
0.233493814981717
0.334431750293568
0.588189960262715
0.588189960262715
0.588189960262715
0.588189960262715
0.588189960262715
0.334431750293568
0.588189960262715
0.588189960262715
0.588189960262715
0.314456024374296
0.233493814981717
0.314456024374296
0.233493814981717
0.233493814981717
0.233493814981717
-0.00449556559164516
0.233493814981717
0.233493814981717
0.233493814981717
0.233493814981717
0.233493814981717
0.233493814981717
0.233493814981717
0.588189960262715
0.588189960262715
0.233493814981717
0.233493814981717
0.588189960262715
0.360706468123719
0.154218269532914
0.233493814981717
0.233493814981717
0.334431750293568
0.77097181669703
0.233493814981717
0.490220813123773
0.588189960262715
0.213341348695373
0.588189960262715
0.154218269532914
0.0884214541383036
0.0884214541383036
0.0884214541383036
0.233493814981717
0.77097181669703
0.77097181669703
0.77097181669703
0.77097181669703
0.77097181669703
0.77097181669703
0.77097181669703
0.77097181669703
0.491034199407534
0.996885473957223
0.907766429263698
0.77097181669703
0.77097181669703
0.77097181669703
0.77097181669703
0.77097181669703
0.996885473957223
0.491034199407534
0.144655717012336
0.77097181669703
0.491034199407534
0.907766429263698
0.77097181669703
0.77097181669703
0.996885473957223
0.996885473957223
0.588189960262715
0.996885473957223
0.996885473957223
0.588189960262715
0.996885473957223
0.996885473957223
0.996885473957223
0.996885473957223
0.996885473957223
0.996885473957223
0.996885473957223
0.996885473957223
0.907766429263698
0.996885473957223
0.996885473957223
0.907766429263698
0.907766429263698
0.907766429263698
0.907766429263698
0.907766429263698
-0.132485156850736
1.08616692280061
0.907766429263698
1.08616692280061
1.08616692280061
0.907766429263698
-0.141674391233617
0.588189960262715
0.0884214541383036
0.0884214541383036
0.0884214541383036
0.0884214541383036
0.0884214541383036
0.907766429263698
0.588189960262715
0.907766429263698
0.907766429263698
0.907766429263698
0.907766429263698
0.907766429263698
0.907766429263698
0.907766429263698
1.08616692280061
1.08616692280061
1.08616692280061
1.08616692280061
1.01657688466816
1.08616692280061
1.08616692280061
0.818542119980723
0.996885473957223
0.0864792103036965
-0.00449556559164516
0.360706468123719
1.01657688466816
1.08616692280061
1.08616692280061
1.08616692280061
0.818542119980723
0.818542119980723
0.818542119980723
0.818542119980723
0.818542119980723
0.818542119980723
0.818542119980723
1.01657688466816
1.08616692280061
0.818542119980723
0.818542119980723
0.818542119980723
0.818542119980723
0.818542119980723
0.818542119980723
0.818542119980723
0.818542119980723
1.01657688466816
1.08616692280061
0.818542119980723
1.01657688466816
0.818542119980723
1.08616692280061
0.818542119980723
0.818542119980723
0.0541412237014225
0.996885473957223
1.01657688466816
1.01657688466816
1.01657688466816
1.01657688466816
1.01657688466816
1.01657688466816
-0.00449556559164516
0.8204966252574
0.818542119980723
0.555953986251826
1.01657688466816
0.73739596469771
1.01657688466816
1.01657688466816
0.8204966252574
0.827108135447021
0.8204966252574
0.8204966252574
0.8204966252574
0.8204966252574
0.8204966252574
1.01657688466816
0.827108135447021
0.8204966252574
0.8204966252574
0.8204966252574
0.8204966252574
0.682877710466676
0.8204966252574
0.8204966252574
0.682877710466676
0.8204966252574
0.365658292966948
0.8204966252574
0.8204966252574
0.682877710466676
0.682877710466676
-0.232870374568127
-0.204669879126346
0.73739596469771
0.8204966252574
0.57072649220947
-0.210812688705721
-0.158982208959736
-0.158982208959736
0.866198976562159
0.59116866373377
-0.0849690956172182
0.57072649220947
-0.137933098790752
0.0814371252478491
-0.13464847264101
-0.0917472396423134
0.59116866373377
-0.0607790287193144
-0.161337445076408
0.0150350884843199
0.0462758517080008
-0.13464847264101
0.720512303422546
-0.0754518538861844
-0.0264255312353127
0.0420145869813077
0.222603949550291
0.0462758517080008
-0.0264255312353127
0.474169593326788
0.666230945017943
0.666569948233276
0.666569948233276
0.666569948233276
0.666569948233276
0.666569948233276
0.668183659415408
0.666569948233276
0.666569948233276
0.668183659415408
0.668183659415408
0.666569948233276
0.899577037681315
0.666569948233276
0.899577037681315
0.666569948233276
0.668183659415408
0.899577037681315
0.899577037681315
0.899577037681315
0.916423702517352
0.222603949550291
0.130407900379932
0.222603949550291
0.289881116730682
0.222603949550291
0.289881116730682
0.222603949550291
0.222603949550291
0.222603949550291
0.222603949550291
0.222603949550291
0.222603949550291
0.222603949550291
0.222603949550291
0.222603949550291
0.222603949550291
0.222603949550291
0.666569948233276
0.666569948233276
0.666569948233276
0.666569948233276
0.666569948233276
0.668183659415408
0.899577037681315
0.949484098019863
0.899577037681315
0.198455769710276
0.290074674216471
0.167088727753908
0.167088727753908
0.273960170546281
0.289881116730682
0.289881116730682
0.289881116730682
0.289881116730682
0.289881116730682
0.289881116730682
0.289881116730682
0.289881116730682
0.289881116730682
0.289881116730682
0.666569948233276
0.666569948233276
0.222603949550291
0.916423702517352
0.668183659415408
0.668183659415408
0.668183659415408
0.668183659415408
0.668183659415408
0.668183659415408
0.668183659415408
0.668183659415408
0.668183659415408
0.668183659415408
0.899577037681315
0.526596342158416
0.899577037681315
0.899577037681315
0.668183659415408
0.668183659415408
0.899577037681315
0.899577037681315
0.899577037681315
0.899577037681315
0.949484098019863
0.949484098019863
0.899577037681315
0.805992578885399
0.0771827179615853
0.190075882705199
0.190075882705199
0.190075882705199
0.26151182908262
0.100506199239768
0.307539229832648
0.0992757407272206
0.289881116730682
0.222603949550291
0.396189394604964
0.949484098019863
0.949484098019863
0.949484098019863
0.949484098019863
0.949484098019863
0.949484098019863
0.937132802971817
0.949484098019863
0.949484098019863
0.949484098019863
0.937132802971817
0.949484098019863
0.949484098019863
0.937132802971817
0.937132802971817
0.937132802971817
0.937132802971817
0.937132802971817
0.937132802971817
0.805992578885399
0.937132802971817
0.937132802971817
0.937132802971817
0.937132802971817
0.899577037681315
-0.0989529343868926
-0.0287853574165241
0.289881116730682
0.273960170546281
0.307539229832648
0.100506199239768
0.100506199239768
0.100506199239768
0.100506199239768
0.307539229832648
0.289881116730682
0.289881116730682
0.899577037681315
0.937132802971817
0.937132802971817
0.937132802971817
0.289881116730682
0.0482197867096574
0.899577037681315
0.899577037681315
0.074609863329734
0.074609863329734
-0.103299159515262
0.295636096826593
0.528813504183072
0.528813504183072
0.54411455164869
0.107711844958916
0.030838418865777
0.54411455164869
0.54411455164869
0.528813504183072
0.54411455164869
0.337055161291747
0.213030672652859
0.0580979079527958
0.0439999983779623
0.0649268222401196
0.337055161291747
0.0140386366546708
-0.0173684221038194
0.136564973529288
0.0357840471222781
0.110343186533293
0.187045740306614
-0.0332979081593702
-0.0621536996969692
0.0253410230677625
0.334431750293568
0.0762402001421923
0.0762402001421923
0.0762402001421923
0.0762402001421923
0.0762402001421923
0.0378581012632219
0.0762402001421923
0.0762402001421923
0.0762402001421923
0.0762402001421923
0.0762402001421923
0.0762402001421923
0.0762402001421923
0.0378581012632219
0.0378581012632219
0.0378581012632219
0.0762402001421923
0.0762402001421923
0.0216986548193555
0.0378581012632219
0.0762402001421923
0.0884214541383036
0.0515776213244271
0.0515776213244271
0.0515776213244271
0.0762402001421923
0.0762402001421923
0.0762402001421923
0.0884214541383036
0.0762402001421923
0.0378581012632219
0.0378581012632219
0.0378581012632219
0.0378581012632219
0.0378581012632219
0.0378581012632219
0.0378581012632219
-0.0236063885053587
0.0515776213244271
0.0216986548193555
0.0515776213244271
0.0515776213244271
0.0515776213244271
0.0378581012632219
0.0216986548193555
0.0216986548193555
0.0515776213244271
0.0216986548193555
0.0216986548193555
0.0515776213244271
0.0515776213244271
0.0515776213244271
0.0515776213244271
0.0216986548193555
0.0216986548193555
-0.0285562204732947
0.0216986548193555
0.0216986548193555
0.0378581012632219
0.0515776213244271
0.0378581012632219
0
0
0
0
0
0
0
0
0
0
0
0
0
0
0
0
0
0
0
0
0
0
0
0
0
0
0
0
0
0
0
0
0
0
0
0
0
0
0
0
0
0
0
0
0
0
0
0
0
0
0
0
0
0
0
0
0
0
0
0
0
0
0
0
0
0
0
0
0
0
0
0
0
0
0
0
0
0
0
0
0
0
0
0
0
0
0
0
0
0
0
0
0
0
0
0
0
0
0
0
0
0
0
0
0
0
0
0
0
0
0
0
0
0
0
0
0
0
0
0
0
0
0
0
0
0
0
0
0
0
0
0
0
0
0
0
0
0
0
0
0
0
0
0
0
0
0
0
0
0
0
0
0
0
0
0
0
0
0
0
0
0
0
0
0
0
0
0
0
0
0
0
0
0
0
0
0
0
0
0
0
0
0
0
0
0
0
0
0
0
0
0
0
0
0
0
0
0
0
0
0
0
0
0
0
0
0
0
0
0
0
0
0
0
0
0
0
0
0
0
0
0
0
0
0
0
0
0
0
0
0
0
0
0
0
0
0
0
0
0
0
0
0
0
0
0
0
0
0
0
0
0
0
0
0
0
0
0
0
0
0
0
0
0
0
0
0
0
0
0
0
0
0
0
0
0
0
0
0
0
0
0
0
0
0
0
0
0
0
0
0
0
0
0
0
0
0
0
0
0
0
0
0
0
0
0
0
0
0
0
0
0
0
0
0
0
0
0
0
0
0
0
0
0
0
0
0
0
0
0
0
0
0
0
0
0
0
0
0
0
0
0
0
0
0
0
0
0
0
0
0
0
0
0
0
0
0
0
0
0
0
0
0
0
0
0
0
0
0
0
0
0
0
0
0
0
0
0
0
0
0
0
0
0
0
0
0
0
0
0
0
0
0
0
0
0
0
0
0
0
0
0
0
0
0
0
0
0
0
0
0
0
0
0
0
0
0
0
0
0
0
0
0
0
0
0
0
0
0
0
0
0
0
0
0
0
0
0
0
0
0
0
0
0
0
0
0
0
0
0
0
0
0
0
0
0
0
0
0
0
0
0
0
0
0
0
0
0
0
0
0
0
0
0
0
0
0
0
0
0
0
0
0
0
0
0
0
0
0
0
0
0
0
0
0
0
0
0
0
0
0
0
0
0
0
0
0
0
0
0
0
0
0
0
0
0
0
0
0
0
0
0
0
0
0
0
0
0
0
0
0
0
0
0
0
0
0
0
0
0
0
0
0
0
0
0
0
0
0
0
0
0
0
0
0
0
0
0
0
0
0
0
0
0
0
0
0
0
0
0
0
0
0
0
0
0
0
0
0
0
0
0
0
0
0
0
0
0
0
0
0
0
0
0
0
0
0
0
0
0
0
0
0
0
0
0
0
0
0
0
0
0
0
0
0
0
0
0
0
0
0
0
0
0
0
0
0
0
0
0
0
0
0
0
0
0
0
0
0
0
0
0
0
0
0
0
0
0
0
0
0
0
0
0
0
0
0
0
0
0
0
0
0
0
0
0
0
0
0
0
0
0
0
0
0
0
0
0
0
0
0
0
0
0
0
0
0
0
0
0
0
0
0
0
0
0
0
0
0
0
0
0
0
0
0
0
0
0
0
0
0
0
0
0
0
0
0
0
0
0
0
0
0
0
0
0
0
0
0
0
0
0
0
0
0
0
0
0
0
0
0
0
0
0
0
0
0
0
0
0
0
0
0
0
0
0
0
0
0
0
0
0
0
0
0
0
0
0
0
0
0
0
0
0
0
0
0
0
0
0
0
0
0
0
0
0
0
0
0
0
0
0
0
0
0
0
0
0
0
0
0
0
0
0
0
0
0
0
0
0
0
0
0
0
0
0
0
0
0
0
0
0
0
0
0
0
0
0
0
0
0
0
0
0
0
0
0
0
0
0
0
0
0
0
0
0
0
0
0
0
0
0
0
0
0
0
0
0
0
0
0
0
0
0
0
0
0
0
0
0
0
0
0
0
0
0
0
0
0
0
0
0
0
0
0
0
0
0
0
0
0
0
0
0
0
0
0
0
0
0
0
0
0
0
0
0
0
0
0
0
0
0
0
0
0
0
0
0
0
0
0
0
0
0
0
0
0
0
0
0
0
0
0
0
0
0
0
0
0
0
0
0
0
0
0
0
0
0
0
0
0
0
0
0
0
0
0
0
0
0
0
0
0
0
0
0
0
0
0
0
0
0
0
0
0
0
0
0
0
