-0.148104262472472 0.0156706115896224
-0.0405821533496759 -0.217673283180177
0.0145911219819518 -0.206583544667561
0.0868179616878142 0.0917306904144404
-0.0337351794108871 0.157775501571171
0.119045350217801 0.00325865059003561
0.205872128858061 -0.0391467963222927
0.220680263862986 -0.00205404429235556
0.229095486920857 0.0144962578978171
0.074609863329734 -0.277526117032918
-0.0204691403686754 -0.129623931886419
-0.0651703108286272 0.0511872539870171
0.169172341343027 0.391562954586729
0.528813504183072 1.08718584567941
-0.014890879687623 0.560885468995941
-0.019898408453525 0.58011266227547
0.101405370174976 0.0813278956051693
0.0685602173054976 -0.0998123656893118
0.0102436895276062 0.00484494417592407
0.0472118921863502 -0.0406301803406205
0.0550837934439218 -0.0457551264445644
0.0788335583673342 -0.0352504641787945
0.0730089162650444 0.0108033787867852
0.0567311886892951 0.0445634681458658
-0.0020797175069505 0.075944277372305
-0.0499730106447777 0.116853621269903
-0.071817946182728 0.0353002692540472
-0.0989529343868926 0.042494391612252
-0.027186737074103 -0.0212257471147891
0.0722430793591185 0.0229030429540553
0.049067030091775 0.0944287375392878
-0.0961055833998567 0.0815893911753873
-0.158982208959736 -0.0754779301130057
0.213341348695373 0.515545461365113
0.0751997850562551 0.49507278325987
0.0515776213244271 1.21916808585041
0.0216986548193555 1.33288831640473
-0.0121284166980055 0.833778070130381
0.0385691871286194 0.211834734372839
0.0773612261518507 -0.293565446552305
0.0625314910765619 -0.524942055835223
0.029556973188981 -0.404487038226777
0.0488643634692987 -0.0576112035501195
0.024558364878773 -0.0388655512304055
-0.0226675437045817 -0.152595798278856
-0.0332590111279619 -0.0925931246666833
0.0764208276284136 0.0351383710969639
0.458382524998873 1.12673221918032
0.372104446113817 0.804312122526013
0.178831794626373 0.394698430033117
-0.0491941662086288 0.306018024391751
-0.208859270779968 0.153454289377439
-0.0493583503267293 0.133652433357663
-0.143575869485601 0.136293562483212
-0.166021663244122 -0.037638454114701
0.163709627819638 0.222041848948205
0.0342818992621907 0.385226498357143
-0.0356092117235258 -0.0343148781612379
0.0916128306926314 -0.188487284324327
0.0926445831099909 -0.101518390013051
-0.0615011488849862 -0.0263089902599052
0.00837039645571189 -0.0779336803787016
-0.0757104375068925 -0.104910968754601
-0.177847189151069 -0.0227650556687686
0.502321908013229 0.164376870956242
0.490220813123773 0.561377008484002
0.86074815754022 0.0168160770233332
0.0420145869813077 -0.375012383628493
0.502321908013229 0.164376870956242
1.01657688466816 0.450985006381625
0.0858330758634858 0.0684714878246244
-0.0460655826001864 0.175678358456165
0.137747514932309 0.887275312026546
0.04468442086673 0.00386237606584316
0.996885473957223 0.777968852906242
0.0104074700629256 0.13092594017293
0.0385691871286194 0.211834734372839
0.0104074700629256 0.13092594017293
0.720828905015532 0.161306911138361
0.0122922590672539 0.747757972352025
-0.01058036947301 -0.0320443700133139
-0.0823364940909023 0.140980701982934
-0.0224779367876552 0.365779149477202
-0.103299159515262 0.148074900956947
-0.0586143713545088 0.113188533847094
-0.09321659046292 0.271749330331148
-0.00552077967917924 0.798439355268243
-0.0915720416292666 -0.166288334963033
-0.0287853574165241 0.0351714157204158
0.650431400208272 0.0754443798068812
0.108808903220923 0.0774254005528188
0.220105197809883 -0.247806035721856
0.474169593326788 -0.178612718966524
-0.022992672182483 0.0347978264287356
0.230107584655089 0.0254372126169928
0.334431750293568 0.980113264626898
-0.1085931365843 -0.0299563793936781
-0.0427760353241364 1.23284604532951
0.213341348695373 0.515545461365113
0.0122922590672539 0.747757972352025
-0.0989529343868926 0.042494391612252
-0.0951226147342628 0.0160986106155574
-0.103299159515262 0.148074900956947
0.213341348695373 0.515545461365113
-0.0823364940909023 0.140980701982934
0.86074815754022 0.0168160770233332
0.916423702517352 0.225396948701447
0.866198976562159 0.0994048176201315
0.8204966252574 0.38373419567724
0.682877710466676 -0.00416973636650497
0.827108135447021 0.340206603281548
-0.204669879126346 0.109019387433571
0.0677579836148936 -0.350968637299388
-0.0460655826001864 0.175678358456165
-0.014299612822261 -0.234879939820501
0.034981405668665 -0.338320623386734
0.818542119980723 0.410433431876474
1.08616692280061 0.571264889762956
0.00901155892874408 0.0913360275055051
-0.0915720416292666 -0.166288334963033
0.77097181669703 0.782167288782945
0.588189960262715 1.00006622948828
-0.12649243758999 0.0158869198741771
-0.0426199624727922 0.817880352805165
-0.0236063885053587 1.27777249747683
-0.0475550511611681 1.21467648805182
0.00168772275605514 -0.0678973045548796
-0.0201730387053923 -0.0268503211324089
0.334431750293568 0.980113264626898
0.866198976562159 0.0994048176201315
0.116433894959691 0.0291519741310025
0.916423702517352 0.225396948701447
0.556692251751111 0.181674291399938
0.916423702517352 0.225396948701447
0.59116866373377 0.0196323833798351
0.57072649220947 -0.00874279511940257
0.849529238796313 0.211857926946297
0.515605833817707 0.124001428610558
0.8204966252574 0.38373419567724
0.720828905015532 0.161306911138361
-0.210812688705721 -0.00833071979488054
-0.0961055833998567 0.0815893911753873
-0.0931078214089766 0.354984069926187
0.0625314910765619 -0.524942055835223
0.996885473957223 0.777968852906242
-0.00449556559164516 0.329855551966594
-0.19625017508758 0.0390117476501264
-0.0427760353241364 1.23284604532951
-0.0236489536189548 1.1957673037986
-0.0119976118591729 0.508588458216613
-0.0475550511611681 1.21467648805182
-0.0989529343868926 0.042494391612252
0.030838418865777 0.00623419933492775
-0.00261859015027388 -0.0176022738437407
0.181206311521689 0.00897672924976511
0.114204646513834 -0.00979619974237367
0.181206311521689 0.00897672924976511
0.556692251751111 0.181674291399938
0.453017635544153 0.0504710155644899
0.720512303422546 0.106050303353514
0.805992578885399 0.0192856873172693
0.205872128858061 -0.0391467963222927
0.186953371697348 -0.0480965966135607
0.00727625057195858 0.0855122252285185
0.515605833817707 0.124001428610558
0.119045350217801 0.00325865059003561
-0.09321659046292 0.271749330331148
-0.0486689907232635 -0.0624699497536545
-0.0112944346758315 0.0154268025065507
0.00878980788193542 -0.195486257318144
0.314456024374296 0.789059165012344
0.233493814981717 1.09950824415314
0.00752944276702763 0.522475189002019
0.00752944276702763 0.522475189002019
-0.00449556559164516 0.329855551966594
0.154218269532914 1.23931135506658
0.233493814981717 1.09950824415314
0.0825309599816987 0.0925710363384056
-0.00377854369253071 -0.0278869159360289
0.137747514932309 0.887275312026546
0.0648151781789767 0.897572247168135
0.360706468123719 0.366987566154628
-0.135182477975395 1.2174634074269
0.0158504329294192 -0.00165212989979646
-0.00261859015027388 -0.0176022738437407
-0.00261859015027388 -0.0176022738437407
0.0305373343475885 0.00946784570548453
0.00217864407490015 -0.0259173031860161
0.00828687488515509 -0.0419453900206255
0.0233643382246491 0.0145793052283614
-0.0925559270313881 -0.118918382236811
-0.053760675962802 -0.063083144500675
0.937132802971817 0.0544430641120932
0.735291598727965 -0.179108954388775
0.949484098019863 -0.275598404478789
0.899577037681315 -0.590917221632835
0.805992578885399 0.0192856873172693
0.899577037681315 -0.590917221632835
0.340388022712448 -0.377343373388557
0.526596342158416 -0.355510640216411
0.145181056401665 -0.189019582360281
0.735291598727965 -0.179108954388775
0.268155463854761 0.0178494725961106
0.21712600411447 0.208388932953515
0.365658292966948 0.233759530107849
0.00837039645571189 -0.0779336803787016
0.0648151781789767 0.897572247168135
0.0864792103036965 0.612145696292479
0.0762402001421923 1.26333427235036
0.0825309599816987 0.0925710363384056
-0.132485156850736 -0.0835308362715261
0.907766429263698 0.551411366419176
0.996885473957223 0.777968852906242
1.08616692280061 0.571264889762956
0.491034199407534 0.323514029689847
0.555953986251826 0.32767792847877
0.261427405497586 0.166116761323958
0.491034199407534 0.323514029689847
-0.00566747572601511 -0.0118352271602231
0.144655717012336 0.0325565182745122
0.0498024433076015 -0.0160374282495228
-0.0919269943777149 0.862738672715502
-0.135182477975395 1.2174634074269
-0.0919269943777149 0.862738672715502
-0.0778235817065702 0.618554328659167
-0.0919269943777149 0.862738672715502
-0.196124786134859 0.974702410481943
-0.21802382683494 1.08814957608395
-0.21802382683494 1.08814957608395
0.0158504329294192 -0.00165212989979646
0.00828687488515509 -0.0419453900206255
0.0814371252478491 0.137409940616348
0.474169593326788 -0.178612718966524
0.666230945017943 -0.597193234214801
-0.13464847264101 -0.110792275798356
0.526596342158416 -0.355510640216411
0.074609863329734 -0.277526117032918
0.526596342158416 -0.355510640216411
0.805992578885399 0.0192856873172693
0.0884214541383036 1.25263672306093
0.0682568723182573 0.624556536999743
0.0884214541383036 1.25263672306093
0.0515776213244271 1.21916808585041
0.0515776213244271 1.21916808585041
1.01657688466816 0.450985006381625
0.73739596469771 0.407051851133167
0.8204966252574 0.38373419567724
0.555953986251826 0.32767792847877
-0.0652967277560786 -0.119140563792585
-0.12649243758999 0.0158869198741771
0.360706468123719 0.366987566154628
0.0541412237014225 -0.150321266337175
0.0498024433076015 -0.0160374282495228
0.0498024433076015 -0.0160374282495228
-0.077750647839078 0.52889575478054
-0.0561345855062036 0.558178711602309
-0.166021663244122 -0.037638454114701
0.0233643382246491 0.0145793052283614
0.0397386227085456 0.0714250693547859
0.0771827179615853 0.0933491455452052
0.0397386227085456 0.0714250693547859
-0.053760675962802 -0.063083144500675
-0.00225808831257179 -0.0421856977638384
-0.0592268378795215 -0.0232882601966363
-0.0607790287193144 -0.25940102262238
-0.0264255312353127 -0.702556216943152
0.169348751642038 -0.241177575043005
0.0682568723182573 0.624556536999743
0.0926445831099909 -0.101518390013051
0.0864792103036965 0.612145696292479
-0.0356092117235258 -0.0343148781612379
0.0677133093485482 0.606023717395551
0.0281019022766581 0.684495875542462
0.0378581012632219 1.27406154662412
0.0378581012632219 1.27406154662412
0.0281019022766581 0.684495875542462
-0.0236063885053587 1.27777249747683
0.012172286918727 0.682208664429207
-0.0285562204732947 1.19804718248571
-0.0630483400259906 0.227353755676674
0.012172286918727 0.682208664429207
0.163709627819638 0.222041848948205
0.00546197433380913 0.590954980930657
-0.00566747572601511 -0.0118352271602231
-0.141674391233617 -0.121547586276472
-0.12649243758999 0.0158869198741771
-0.0778235817065702 0.618554328659167
-0.0778235817065702 0.618554328659167
-0.0218511575489509 -0.0103019784556492
-0.0218511575489509 -0.0103019784556492
-0.0849690956172182 -0.126117021021799
-0.0754518538861844 -0.0284817514622179
-0.168435066766447 0.0362523352677059
-0.137933098790752 0.134126858522937
-0.124034391084976 0.143667884414196
0.0769274629363101 0.0930746722552072
-0.0915983199357474 0.0747643289044266
0.0769274629363101 0.0930746722552072
-0.0915983199357474 0.0747643289044266
-0.0917472396423134 0.105387764807787
-0.0917472396423134 0.105387764807787
0.136614841990613 0.0547941534307141
-0.00225808831257179 -0.0421856977638384
0.116433894959691 0.0291519741310025
-0.0925559270313881 -0.118918382236811
-0.0811359764693262 -0.144200993453985
-0.0811359764693262 -0.144200993453985
-0.0607790287193144 -0.25940102262238
-0.0427760353241364 1.23284604532951
0.00546197433380913 0.590954980930657
-0.12649243758999 0.0158869198741771
-0.209724912318505 0.142847176479603
-0.22654606749265 0.177287528527582
-0.209724912318505 0.142847176479603
-0.204669879126346 0.109019387433571
-0.0592268378795215 -0.0232882601966363
-0.22654606749265 0.177287528527582
-0.103969063666086 0.0964495912353265
-0.199959810180185 0.0897206137652682
0.130407900379932 -0.450692456875009
-0.161337445076408 -0.295817378366187
-0.232870374568127 0.0927202198919452
-0.255633952619146 -0.0677181364347297
-0.199959810180185 0.0897206137652682
0.114204646513834 -0.00979619974237367
0.0462758517080008 -0.522378210857419
0.222603949550291 -0.939783243391332
-0.161337445076408 -0.295817378366187
-0.232870374568127 0.0927202198919452
0.0462758517080008 -0.522378210857419
0.0150350884843199 -0.178379928822658
0.222603949550291 -0.939783243391332
0.190075882705199 -0.833740048339731
0.222603949550291 -0.939783243391332
0.666569948233276 -0.965480686226645
0.668183659415408 -0.675454238767354
0.340388022712448 -0.377343373388557
0.0150350884843199 -0.178379928822658
0.0992757407272206 -0.384158279712825
0.198455769710276 -0.64722296989663
0.289881116730682 -0.982113964925869
0.171942340853189 -0.150632727011583
0.199379427914832 -0.209452281524844
0.337055161291747 -0.464308094301113
0.396189394604964 -0.796414440536952
0.0992757407272206 -0.384158279712825
0.259244785465366 -0.242376406485298
0.100506199239768 0.898419218150569
0.273960170546281 0.644482380060392
0.290074674216471 -0.190732111913778
0.233398556369695 -0.178577207062534
0.259244785465366 -0.242376406485298
0.290074674216471 -0.190732111913778
0.26151182908262 0.601735745185717
0.190075882705199 -0.833740048339731
0.213030672652859 0.176911844689192
0.199379427914832 -0.209452281524844
0.273960170546281 0.644482380060392
0.290074674216471 -0.190732111913778
0.0378648072338407 0.329750242840965
-0.014890879687623 0.560885468995941
0.233398556369695 -0.178577207062534
0.163753516959577 -0.199909736072607
0.150976779596545 -0.268762922725963
0.189247265105498 -0.268659439554669
0.163753516959577 -0.199909736072607
0.0446815307893076 0.18898014083855
-0.0443682680335974 0.581618394507241
0.528813504183072 1.08718584567941
0.295636096826593 0.542211019485701
0.295636096826593 0.542211019485701
0.30731746725034 0.32851874782079
0.167088727753908 0.468426933632635
-0.0607792400396462 0.0794435354617061
-0.0607792400396462 0.0794435354617061
-0.0632482113462335 0.144660063742792
-0.024003547078956 0.0121971312129421
-0.0287853574165241 0.0351714157204158
-0.0617276503043882 0.168301514085737
-0.0235124530518811 0.131611156360066
-0.0617276503043882 0.168301514085737
-0.01447559840777 0.0715036736102251
0.00463487113156519 -0.0606764969171225
-0.0332979081593702 0.00863609071515792
-0.022992672182483 0.0347978264287356
-0.0228525804355686 0.0387667797442509
0.0439999983779623 -0.0828531618222984
0.0140386366546708 -0.0321704214940018
0.0439999983779623 -0.0828531618222984
0.0200279622339752 -0.0333093478763724
0.0439999983779623 -0.0828531618222984
0.152053014981104 -0.0828614937801269
0.0649268222401196 -0.0416868858329927
-0.0644078367000809 0.0382371465115035
0.0204281625073853 -0.0262169520579805
0.0313805665897582 -0.19685611261238
-0.0621536996969692 0.100326514734132
-0.0166578742195783 -0.00350609125413381
0.0974829162885401 -0.0347807542701699
0.00272733500668401 -0.0244430483100602
0.187045740306614 -0.0476503186506333
0.0974829162885401 -0.0347807542701699
0.0441468394178042 -0.133461267559549
0.0200279622339752 -0.0333093478763724
-0.01058036947301 -0.0320443700133139
0.0592485217459706 -0.0950473100975904
0.0136580764488659 -0.115701239696468
-0.0586143713545088 0.113188533847094
-0.0617276503043882 0.168301514085737
-0.00502500158757872 0.070734834189392
-0.0318038422108114 -0.0267005893431491
0.0259682930662589 0.0223904857456187
-0.0318038422108114 -0.0267005893431491
-0.0166578742195783 -0.00350609125413381
-0.0228525804355686 0.0387667797442509
0.0259682930662589 0.0223904857456187
0.0608283676760751 -0.00236493287298589
-0.00502500158757872 0.070734834189392
0.0359696765874175 -0.0938247797125974
0.0357840471222781 0.432230542702787
-0.000662593821524324 -0.0293027702757701
-0.00496674343632748 -0.0287204175986809
0.00463487113156519 -0.0606764969171225
-0.01058036947301 -0.0320443700133139
-0.00496674343632748 -0.0287204175986809
-0.0242360192712087 -0.0223799582497007
0.00482345620734612 -0.00368405473396061
0.00111919111395505 -0.0587933848272257
-0.0235124530518811 0.131611156360066
-0.0318038422108114 -0.0267005893431491
0.0377520030456209 -0.0338597907407867
0.0608283676760751 -0.00236493287298589
0.0431459824604381 0.0437534741811577
0.190254921368403 -0.0243565792131587
0.0917410808442417 0.262682285481728
0.130094537858126 -0.197876960739258
0.00482345620734612 -0.00368405473396061
0.0253410230677625 -0.0283491799872652
0.11486706616687 -0.284479558555057
0.0827773914000802 -0.252951143385536
0.110343186533293 -0.0825524112807935
0.00111919111395505 -0.0587933848272257
0.0204281625073853 -0.0262169520579805
-0.0061455662858048 -0.0217142210690967
0.0253410230677625 -0.0283491799872652
0.0229012528192931 -0.0209975743516246
0.00272733500668401 -0.0244430483100602
0.130094537858126 -0.197876960739258
0.11486706616687 -0.284479558555057
0.0313805665897582 -0.19685611261238
0.0359696765874175 -0.0938247797125974
0.0548860091650066 0.107450937014454
0.239373664471868 0.103697866962853
0.239373664471868 0.103697866962853
0.0858330758634858 0.0684714878246244
0.502321908013229 0.164376870956242
-0.0757104375068925 -0.104910968754601
0.0499926689526877 -0.0811147951741393
-0.0931078214089766 0.354984069926187
-0.0224779367876552 0.365779149477202
0.183279821791944 1.06002873038621
0.0971153281395121 0.217712935154484
0.0169894523072159 1.1354482579225
0.0676577273834134 0.314809052597464
0.0676577273834134 0.314809052597464
0.0282577075086102 -0.0411256956371935
0.04468442086673 0.00386237606584316
0.0971153281395121 0.217712935154484
0.290771677132288 0.749331885738653
0.025763050629811 -0.0173361821407787
0.0764208276284136 0.0351383710969639
-0.0102545942316269 -0.108909267041296
0.279623088001498 0.960621106463976
0.0282577075086102 -0.0411256956371935
-0.0146218004076549 -0.0693328628473762
0.279623088001498 0.960621106463976
0.0262121960555301 0.974715966755039
0.0764208276284136 0.0351383710969639
-0.0102545942316269 -0.108909267041296
-0.0226675437045817 -0.152595798278856
-0.0139054795045635 -0.0990571335794497
0.164770945305253 1.08049676313541
0.164770945305253 1.08049676313541
0.458382524998873 1.12673221918032
0.343454341366015 1.11175996286268
0.0325993479120696 -0.0152361732478177
0.0325993479120696 -0.0152361732478177
-0.0112944346758315 0.0154268025065507
0.04468442086673 0.00386237606584316
0.0488643634692987 -0.0576112035501195
0.025763050629811 -0.0173361821407787
0.334431750293568 0.980113264626898
0.0228525617943182 -0.0474578203054933
-0.0337351794108871 0.157775501571171
0.21712600411447 0.208388932953515
0.108808903220923 0.0774254005528188
0.0850257265992121 -0.0814375904878268
-0.0652967277560786 -0.119140563792585
0.01001707396643 -0.067429391237682
-0.0931078214089766 0.354984069926187
-0.229245401632229 1.02965477610134
-0.226319574212632 1.14107041955548
0.8204966252574 0.38373419567724
-0.0405821533496759 -0.217673283180177
-0.0112091888715666 0.183851106666171
-0.110584334997735 0.359694131761593
-0.077750647839078 0.52889575478054
-0.0493583503267293 0.133652433357663
-0.0979019482841866 0.438664271788442
-0.135070982190913 0.302742343112205
-0.232940679667452 0.217538972172652
-0.130034430968677 0.957197249929573
0.0577677146683864 0.595081614828282
-0.110584334997735 0.359694131761593
0.25161325291049 0.691472582664902
-0.130034430968677 0.957197249929573
-0.229245401632229 1.02965477610134
0.343454341366015 1.11175996286268
-0.0491941662086288 0.306018024391751
0.25161325291049 0.691472582664902
-0.0979019482841866 0.438664271788442
-0.146963320593962 1.15579423740769
0.458382524998873 1.12673221918032
0.25161325291049 0.691472582664902
0.372104446113817 0.804312122526013
0.340388022712448 -0.377343373388557
0.0559511627886313 -0.0847923237803163
0.0578553347683551 0.103359188390988
0.54411455164869 0.887780245472286
0.0578553347683551 0.103359188390988
0.0578553347683551 0.103359188390988
-0.0849690956172182 -0.126117021021799
-0.0164540171714195 -0.103228502782165
-0.0811359764693262 -0.144200993453985
0.193571683468509 -0.529089205295471
-0.019898408453525 0.58011266227547
-0.0587695238864029 0.47156739852712
0.174713386215049 -0.300008384365748
0.174713386215049 -0.300008384365748
0.0585694260952037 -0.246191102123375
0.150976779596545 -0.268762922725963
0.189247265105498 -0.268659439554669
0.107711844958916 -0.20991706222631
0.11486706616687 -0.284479558555057
0.136564973529288 -0.0183634039047813
0.190254921368403 -0.0243565792131587
0.0378648072338407 0.329750242840965
0.0446815307893076 0.18898014083855
0.0333934876686976 0.0341012933248825
0.0242213289237546 -0.0512956925275591
0.0333934876686976 0.0341012933248825
0.0333934876686976 0.0341012933248825
0.0859767820747007 -0.107004841006877
0.0859767820747007 -0.107004841006877
0.0580979079527958 -0.1851565280398
-0.0260309766454201 -0.0604914967450844
-0.00297119622457553 -0.0517286035520044
0.0136580764488659 -0.115701239696468
-0.0260309766454201 -0.0604914967450844
-0.0260309766454201 -0.0604914967450844
-0.0173684221038194 -0.149902426258009
0.0228525617943182 -0.0474578203054933
0.0228525617943182 -0.0474578203054933
0.020916306979904 0.0904343267742643
0.0662478479418047 -0.0458501451433995
0.0550837934439218 -0.0457551264445644
0.0377520030456209 -0.0338597907407867
0.00168772275605514 -0.0678973045548796
0.0161375057861429 -0.140514697598482
0.0482197867096574 -0.131056981949537
0.0161375057861429 -0.140514697598482
0.0496929596468176 -0.316565063533139
0.15366103628491 -0.359281832358164
0.0585694260952037 -0.246191102123375
-0.0707451528282362 -0.0318351136694727
0.169348751642038 -0.241177575043005
0.337055161291747 -0.464308094301113
0.337055161291747 -0.464308094301113
0.171942340853189 -0.150632727011583
0.0827773914000802 -0.252951143385536
0.30731746725034 0.32851874782079
0.376657292653258 0.655511034076163
0.213030672652859 0.176911844689192
0.0238125393847526 -0.00396448179585107
0.0229012528192931 -0.0209975743516246
-0.00297119622457553 -0.0517286035520044
0.00336599744103557 -0.00947241624334649
0.0361248918714231 0.0508658091661314
0.0301488337045245 0.00972976629243616
0.0301488337045245 0.00972976629243616
0.0361248918714231 0.0508658091661314
0.130094537858126 -0.197876960739258
0.187045740306614 -0.0476503186506333
