0.0102436895276062 0.00484494417592407
0.0472118921863502 -0.0406301803406205
0.0550837934439218 -0.0457551264445644
0.0788335583673342 -0.0352504641787945
0.0730089162650444 0.0108033787867852
0.0567311886892951 0.0445634681458658
-0.0020797175069505 0.075944277372305
-0.0499730106447777 0.116853621269903
-0.071817946182728 0.0353002692540472
-0.0989529343868926 0.042494391612252
-0.027186737074103 -0.0212257471147891
0.0722430793591185 0.0229030429540553
0.049067030091775 0.0944287375392878
-0.0961055833998567 0.0815893911753873
-0.158982208959736 -0.0754779301130057
0.213341348695373 0.515545461365113
0.0751997850562551 0.49507278325987
0.0515776213244271 1.21916808585041
0.0216986548193555 1.33288831640473
-0.0121284166980055 0.833778070130381
0.0385691871286194 0.211834734372839
0.0773612261518507 -0.293565446552305
0.0625314910765619 -0.524942055835223
0.029556973188981 -0.404487038226777
0.0488643634692987 -0.0576112035501195
0.024558364878773 -0.0388655512304055
-0.0226675437045817 -0.152595798278856
-0.0226675437045817 -0.152595798278856
-0.0332590111279619 -0.0925931246666833
-0.0102545942316269 -0.108909267041296
0.0764208276284136 0.0351383710969639
0.290771677132288 0.749331885738653
0.458382524998873 1.12673221918032
0.372104446113817 0.804312122526013
0.222367468094304 0.484890439267401
0.178831794626373 0.394698430033117
-0.232940679667452 0.217538972172652
-0.208859270779968 0.153454289377439
-0.0112091888715666 0.183851106666171
-0.166021663244122 -0.037638454114701
0.0499926689526877 -0.0811147951741393
0.0342818992621907 0.385226498357143
-0.0630483400259906 0.227353755676674
0.0916128306926314 -0.188487284324327
-0.00377854369253071 -0.0278869159360289
-0.0615011488849862 -0.0263089902599052
0.0541412237014225 -0.150321266337175
-0.0757104375068925 -0.104910968754601
-0.148104262472472 0.0156706115896224
-0.1085931365843 -0.0299563793936781
-0.0405821533496759 -0.217673283180177
0.0145911219819518 -0.206583544667561
0.0850257265992121 -0.0814375904878268
0.0868179616878142 0.0917306904144404
-0.0337351794108871 0.157775501571171
0.00727625057195858 0.0855122252285185
0.119045350217801 0.00325865059003561
0.186953371697348 -0.0480965966135607
0.205872128858061 -0.0391467963222927
0.220680263862986 -0.00205404429235556
0.268155463854761 0.0178494725961106
0.229095486920857 0.0144962578978171
0.145181056401665 -0.189019582360281
0.074609863329734 -0.277526117032918
-0.0204691403686754 -0.129623931886419
-0.0707451528282362 -0.0318351136694727
-0.0651703108286272 0.0511872539870171
0.0166306023495497 0.215402330583449
0.169172341343027 0.391562954586729
0.376657292653258 0.655511034076163
0.528813504183072 1.08718584567941
0.307539229832648 1.14509004407568
0.100506199239768 0.898419218150569
-0.0587695238864029 0.47156739852712
-0.0443682680335974 0.581618394507241
-0.019898408453525 0.58011266227547
0.0357840471222781 0.432230542702787
0.101405370174976 0.0813278956051693
0.0598625207626711 -0.0478594943484839
0.0441468394178042 -0.133461267559549
0.0685602173054976 -0.0998123656893118
0.0361248918714231 0.0508658091661314
0.502321908013229 0.164376870956242
1.01657688466816 0.450985006381625
0.996885473957223 0.777968852906242
0.650431400208272 0.0754443798068812
0.0648151781789767 0.897572247168135
0.0648151781789767 0.897572247168135
0.0648151781789767 0.897572247168135
0.0648151781789767 0.897572247168135
0.0884214541383036 1.25263672306093
0.334431750293568 0.980113264626898
0.154218269532914 1.23931135506658
0.0884214541383036 1.25263672306093
0.137747514932309 0.887275312026546
0.233493814981717 1.09950824415314
0.334431750293568 0.980113264626898
0.334431750293568 0.980113264626898
0.334431750293568 0.980113264626898
0.334431750293568 0.980113264626898
0.334431750293568 0.980113264626898
0.334431750293568 0.980113264626898
0.334431750293568 0.980113264626898
0.334431750293568 0.980113264626898
0.154218269532914 1.23931135506658
0.334431750293568 0.980113264626898
0.334431750293568 0.980113264626898
0.334431750293568 0.980113264626898
0.334431750293568 0.980113264626898
0.154218269532914 1.23931135506658
0.154218269532914 1.23931135506658
0.154218269532914 1.23931135506658
0.154218269532914 1.23931135506658
0.154218269532914 1.23931135506658
0.154218269532914 1.23931135506658
0.334431750293568 0.980113264626898
0.588189960262715 1.00006622948828
0.154218269532914 1.23931135506658
0.0884214541383036 1.25263672306093
0.0648151781789767 0.897572247168135
0.154218269532914 1.23931135506658
0.0884214541383036 1.25263672306093
0.154218269532914 1.23931135506658
0.154218269532914 1.23931135506658
0.154218269532914 1.23931135506658
0.0682568723182573 0.624556536999743
0.154218269532914 1.23931135506658
0.0884214541383036 1.25263672306093
0.0884214541383036 1.25263672306093
0.0884214541383036 1.25263672306093
0.0884214541383036 1.25263672306093
0.154218269532914 1.23931135506658
0.213341348695373 0.515545461365113
0.233493814981717 1.09950824415314
0.334431750293568 0.980113264626898
0.588189960262715 1.00006622948828
0.588189960262715 1.00006622948828
0.588189960262715 1.00006622948828
0.588189960262715 1.00006622948828
0.588189960262715 1.00006622948828
0.334431750293568 0.980113264626898
0.588189960262715 1.00006622948828
0.588189960262715 1.00006622948828
0.588189960262715 1.00006622948828
0.314456024374296 0.789059165012344
0.233493814981717 1.09950824415314
0.314456024374296 0.789059165012344
0.233493814981717 1.09950824415314
0.233493814981717 1.09950824415314
0.233493814981717 1.09950824415314
-0.00449556559164516 0.329855551966594
0.233493814981717 1.09950824415314
0.233493814981717 1.09950824415314
0.233493814981717 1.09950824415314
0.233493814981717 1.09950824415314
0.233493814981717 1.09950824415314
0.233493814981717 1.09950824415314
0.233493814981717 1.09950824415314
0.588189960262715 1.00006622948828
0.588189960262715 1.00006622948828
0.233493814981717 1.09950824415314
0.233493814981717 1.09950824415314
0.588189960262715 1.00006622948828
0.360706468123719 0.366987566154628
0.154218269532914 1.23931135506658
0.233493814981717 1.09950824415314
0.233493814981717 1.09950824415314
0.334431750293568 0.980113264626898
0.77097181669703 0.782167288782945
0.233493814981717 1.09950824415314
0.490220813123773 0.561377008484002
0.588189960262715 1.00006622948828
0.213341348695373 0.515545461365113
0.588189960262715 1.00006622948828
0.154218269532914 1.23931135506658
0.0884214541383036 1.25263672306093
0.0884214541383036 1.25263672306093
0.0884214541383036 1.25263672306093
0.233493814981717 1.09950824415314
0.77097181669703 0.782167288782945
0.77097181669703 0.782167288782945
0.77097181669703 0.782167288782945
0.77097181669703 0.782167288782945
0.77097181669703 0.782167288782945
0.77097181669703 0.782167288782945
0.77097181669703 0.782167288782945
0.77097181669703 0.782167288782945
0.491034199407534 0.323514029689847
0.996885473957223 0.777968852906242
0.907766429263698 0.551411366419176
0.77097181669703 0.782167288782945
0.77097181669703 0.782167288782945
0.77097181669703 0.782167288782945
0.77097181669703 0.782167288782945
0.77097181669703 0.782167288782945
0.996885473957223 0.777968852906242
0.491034199407534 0.323514029689847
0.144655717012336 0.0325565182745122
0.77097181669703 0.782167288782945
0.491034199407534 0.323514029689847
0.907766429263698 0.551411366419176
0.77097181669703 0.782167288782945
0.77097181669703 0.782167288782945
0.996885473957223 0.777968852906242
0.996885473957223 0.777968852906242
0.588189960262715 1.00006622948828
0.996885473957223 0.777968852906242
0.996885473957223 0.777968852906242
0.588189960262715 1.00006622948828
0.996885473957223 0.777968852906242
0.996885473957223 0.777968852906242
0.996885473957223 0.777968852906242
0.996885473957223 0.777968852906242
0.996885473957223 0.777968852906242
0.996885473957223 0.777968852906242
0.996885473957223 0.777968852906242
0.996885473957223 0.777968852906242
0.907766429263698 0.551411366419176
0.996885473957223 0.777968852906242
0.996885473957223 0.777968852906242
0.907766429263698 0.551411366419176
0.907766429263698 0.551411366419176
0.907766429263698 0.551411366419176
0.907766429263698 0.551411366419176
0.907766429263698 0.551411366419176
-0.132485156850736 -0.0835308362715261
1.08616692280061 0.571264889762956
0.907766429263698 0.551411366419176
1.08616692280061 0.571264889762956
1.08616692280061 0.571264889762956
0.907766429263698 0.551411366419176
-0.141674391233617 -0.121547586276472
0.588189960262715 1.00006622948828
0.0884214541383036 1.25263672306093
0.0884214541383036 1.25263672306093
0.0884214541383036 1.25263672306093
0.0884214541383036 1.25263672306093
0.0884214541383036 1.25263672306093
0.907766429263698 0.551411366419176
0.588189960262715 1.00006622948828
0.907766429263698 0.551411366419176
0.907766429263698 0.551411366419176
0.907766429263698 0.551411366419176
0.907766429263698 0.551411366419176
0.907766429263698 0.551411366419176
0.907766429263698 0.551411366419176
0.907766429263698 0.551411366419176
1.08616692280061 0.571264889762956
1.08616692280061 0.571264889762956
1.08616692280061 0.571264889762956
1.08616692280061 0.571264889762956
1.01657688466816 0.450985006381625
1.08616692280061 0.571264889762956
1.08616692280061 0.571264889762956
0.818542119980723 0.410433431876474
0.996885473957223 0.777968852906242
0.0864792103036965 0.612145696292479
-0.00449556559164516 0.329855551966594
0.360706468123719 0.366987566154628
1.01657688466816 0.450985006381625
1.08616692280061 0.571264889762956
1.08616692280061 0.571264889762956
1.08616692280061 0.571264889762956
0.818542119980723 0.410433431876474
0.818542119980723 0.410433431876474
0.818542119980723 0.410433431876474
0.818542119980723 0.410433431876474
0.818542119980723 0.410433431876474
0.818542119980723 0.410433431876474
0.818542119980723 0.410433431876474
1.01657688466816 0.450985006381625
1.08616692280061 0.571264889762956
0.818542119980723 0.410433431876474
0.818542119980723 0.410433431876474
0.818542119980723 0.410433431876474
0.818542119980723 0.410433431876474
0.818542119980723 0.410433431876474
0.818542119980723 0.410433431876474
0.818542119980723 0.410433431876474
0.818542119980723 0.410433431876474
1.01657688466816 0.450985006381625
1.08616692280061 0.571264889762956
0.818542119980723 0.410433431876474
1.01657688466816 0.450985006381625
0.818542119980723 0.410433431876474
1.08616692280061 0.571264889762956
0.818542119980723 0.410433431876474
0.818542119980723 0.410433431876474
0.0541412237014225 -0.150321266337175
0.996885473957223 0.777968852906242
1.01657688466816 0.450985006381625
1.01657688466816 0.450985006381625
1.01657688466816 0.450985006381625
1.01657688466816 0.450985006381625
1.01657688466816 0.450985006381625
1.01657688466816 0.450985006381625
-0.00449556559164516 0.329855551966594
0.8204966252574 0.38373419567724
0.818542119980723 0.410433431876474
0.555953986251826 0.32767792847877
1.01657688466816 0.450985006381625
0.73739596469771 0.407051851133167
1.01657688466816 0.450985006381625
1.01657688466816 0.450985006381625
0.8204966252574 0.38373419567724
0.827108135447021 0.340206603281548
0.8204966252574 0.38373419567724
0.8204966252574 0.38373419567724
0.8204966252574 0.38373419567724
0.8204966252574 0.38373419567724
0.8204966252574 0.38373419567724
1.01657688466816 0.450985006381625
0.827108135447021 0.340206603281548
0.8204966252574 0.38373419567724
0.8204966252574 0.38373419567724
0.8204966252574 0.38373419567724
0.8204966252574 0.38373419567724
0.682877710466676 -0.00416973636650497
0.8204966252574 0.38373419567724
0.8204966252574 0.38373419567724
0.682877710466676 -0.00416973636650497
0.8204966252574 0.38373419567724
0.365658292966948 0.233759530107849
0.8204966252574 0.38373419567724
0.8204966252574 0.38373419567724
0.682877710466676 -0.00416973636650497
0.682877710466676 -0.00416973636650497
-0.232870374568127 0.0927202198919452
-0.204669879126346 0.109019387433571
0.73739596469771 0.407051851133167
0.8204966252574 0.38373419567724
0.57072649220947 -0.00874279511940257
-0.210812688705721 -0.00833071979488054
-0.158982208959736 -0.0754779301130057
-0.158982208959736 -0.0754779301130057
0.866198976562159 0.0994048176201315
0.59116866373377 0.0196323833798351
-0.0849690956172182 -0.126117021021799
0.57072649220947 -0.00874279511940257
-0.137933098790752 0.134126858522937
0.0814371252478491 0.137409940616348
-0.13464847264101 -0.110792275798356
-0.0917472396423134 0.105387764807787
0.59116866373377 0.0196323833798351
-0.0607790287193144 -0.25940102262238
-0.161337445076408 -0.295817378366187
0.0150350884843199 -0.178379928822658
0.0462758517080008 -0.522378210857419
-0.13464847264101 -0.110792275798356
0.720512303422546 0.106050303353514
-0.0754518538861844 -0.0284817514622179
-0.0264255312353127 -0.702556216943152
0.0420145869813077 -0.375012383628493
0.222603949550291 -0.939783243391332
0.0462758517080008 -0.522378210857419
-0.0264255312353127 -0.702556216943152
0.474169593326788 -0.178612718966524
0.666230945017943 -0.597193234214801
0.666569948233276 -0.965480686226645
0.666569948233276 -0.965480686226645
0.666569948233276 -0.965480686226645
0.666569948233276 -0.965480686226645
0.666569948233276 -0.965480686226645
0.668183659415408 -0.675454238767354
0.666569948233276 -0.965480686226645
0.666569948233276 -0.965480686226645
0.668183659415408 -0.675454238767354
0.668183659415408 -0.675454238767354
0.666569948233276 -0.965480686226645
0.899577037681315 -0.590917221632835
0.666569948233276 -0.965480686226645
0.899577037681315 -0.590917221632835
0.666569948233276 -0.965480686226645
0.668183659415408 -0.675454238767354
0.899577037681315 -0.590917221632835
0.899577037681315 -0.590917221632835
0.899577037681315 -0.590917221632835
0.916423702517352 0.225396948701447
0.222603949550291 -0.939783243391332
0.130407900379932 -0.450692456875009
0.222603949550291 -0.939783243391332
0.289881116730682 -0.982113964925869
0.222603949550291 -0.939783243391332
0.289881116730682 -0.982113964925869
0.222603949550291 -0.939783243391332
0.222603949550291 -0.939783243391332
0.222603949550291 -0.939783243391332
0.222603949550291 -0.939783243391332
0.222603949550291 -0.939783243391332
0.222603949550291 -0.939783243391332
0.222603949550291 -0.939783243391332
0.222603949550291 -0.939783243391332
0.222603949550291 -0.939783243391332
0.222603949550291 -0.939783243391332
0.222603949550291 -0.939783243391332
0.666569948233276 -0.965480686226645
0.666569948233276 -0.965480686226645
0.666569948233276 -0.965480686226645
0.666569948233276 -0.965480686226645
0.666569948233276 -0.965480686226645
0.668183659415408 -0.675454238767354
0.899577037681315 -0.590917221632835
0.949484098019863 -0.275598404478789
0.899577037681315 -0.590917221632835
0.198455769710276 -0.64722296989663
0.290074674216471 -0.190732111913778
0.167088727753908 0.468426933632635
0.167088727753908 0.468426933632635
0.273960170546281 0.644482380060392
0.289881116730682 -0.982113964925869
0.289881116730682 -0.982113964925869
0.289881116730682 -0.982113964925869
0.289881116730682 -0.982113964925869
0.289881116730682 -0.982113964925869
0.289881116730682 -0.982113964925869
0.289881116730682 -0.982113964925869
0.289881116730682 -0.982113964925869
0.289881116730682 -0.982113964925869
0.289881116730682 -0.982113964925869
0.666569948233276 -0.965480686226645
0.666569948233276 -0.965480686226645
0.222603949550291 -0.939783243391332
0.916423702517352 0.225396948701447
0.668183659415408 -0.675454238767354
0.668183659415408 -0.675454238767354
0.668183659415408 -0.675454238767354
0.668183659415408 -0.675454238767354
0.668183659415408 -0.675454238767354
0.668183659415408 -0.675454238767354
0.668183659415408 -0.675454238767354
0.668183659415408 -0.675454238767354
0.668183659415408 -0.675454238767354
0.668183659415408 -0.675454238767354
0.899577037681315 -0.590917221632835
0.526596342158416 -0.355510640216411
0.899577037681315 -0.590917221632835
0.899577037681315 -0.590917221632835
0.668183659415408 -0.675454238767354
0.668183659415408 -0.675454238767354
0.899577037681315 -0.590917221632835
0.899577037681315 -0.590917221632835
0.899577037681315 -0.590917221632835
0.899577037681315 -0.590917221632835
0.949484098019863 -0.275598404478789
0.949484098019863 -0.275598404478789
0.899577037681315 -0.590917221632835
0.805992578885399 0.0192856873172693
0.0771827179615853 0.0933491455452052
0.190075882705199 -0.833740048339731
0.190075882705199 -0.833740048339731
0.190075882705199 -0.833740048339731
0.26151182908262 0.601735745185717
0.100506199239768 0.898419218150569
0.307539229832648 1.14509004407568
0.0992757407272206 -0.384158279712825
0.289881116730682 -0.982113964925869
0.222603949550291 -0.939783243391332
0.396189394604964 -0.796414440536952
0.949484098019863 -0.275598404478789
0.949484098019863 -0.275598404478789
0.949484098019863 -0.275598404478789
0.949484098019863 -0.275598404478789
0.949484098019863 -0.275598404478789
0.949484098019863 -0.275598404478789
0.937132802971817 0.0544430641120932
0.949484098019863 -0.275598404478789
0.949484098019863 -0.275598404478789
0.949484098019863 -0.275598404478789
0.937132802971817 0.0544430641120932
0.949484098019863 -0.275598404478789
0.949484098019863 -0.275598404478789
0.937132802971817 0.0544430641120932
0.937132802971817 0.0544430641120932
0.937132802971817 0.0544430641120932
0.937132802971817 0.0544430641120932
0.937132802971817 0.0544430641120932
0.937132802971817 0.0544430641120932
0.805992578885399 0.0192856873172693
0.937132802971817 0.0544430641120932
0.937132802971817 0.0544430641120932
0.937132802971817 0.0544430641120932
0.937132802971817 0.0544430641120932
0.899577037681315 -0.590917221632835
-0.0989529343868926 0.042494391612252
-0.0287853574165241 0.0351714157204158
0.289881116730682 -0.982113964925869
0.273960170546281 0.644482380060392
0.307539229832648 1.14509004407568
0.100506199239768 0.898419218150569
0.100506199239768 0.898419218150569
0.100506199239768 0.898419218150569
0.100506199239768 0.898419218150569
0.307539229832648 1.14509004407568
0.289881116730682 -0.982113964925869
0.289881116730682 -0.982113964925869
0.899577037681315 -0.590917221632835
0.937132802971817 0.0544430641120932
0.937132802971817 0.0544430641120932
0.937132802971817 0.0544430641120932
0.289881116730682 -0.982113964925869
0.0482197867096574 -0.131056981949537
0.899577037681315 -0.590917221632835
0.899577037681315 -0.590917221632835
0.074609863329734 -0.277526117032918
0.074609863329734 -0.277526117032918
-0.103299159515262 0.148074900956947
0.295636096826593 0.542211019485701
0.528813504183072 1.08718584567941
0.528813504183072 1.08718584567941
0.54411455164869 0.887780245472286
0.107711844958916 -0.20991706222631
0.030838418865777 0.00623419933492775
0.54411455164869 0.887780245472286
0.54411455164869 0.887780245472286
0.528813504183072 1.08718584567941
0.54411455164869 0.887780245472286
0.337055161291747 -0.464308094301113
0.213030672652859 0.176911844689192
0.0580979079527958 -0.1851565280398
0.0439999983779623 -0.0828531618222984
0.0649268222401196 -0.0416868858329927
0.337055161291747 -0.464308094301113
0.0140386366546708 -0.0321704214940018
-0.0173684221038194 -0.149902426258009
0.136564973529288 -0.0183634039047813
0.0357840471222781 0.432230542702787
0.110343186533293 -0.0825524112807935
0.187045740306614 -0.0476503186506333
-0.0332979081593702 0.00863609071515792
-0.0621536996969692 0.100326514734132
0.0253410230677625 -0.0283491799872652
0.334431750293568 0.980113264626898
0.0762402001421923 1.26333427235036
0.0762402001421923 1.26333427235036
0.0762402001421923 1.26333427235036
0.0762402001421923 1.26333427235036
0.0762402001421923 1.26333427235036
0.0378581012632219 1.27406154662412
0.0762402001421923 1.26333427235036
0.0762402001421923 1.26333427235036
0.0762402001421923 1.26333427235036
0.0762402001421923 1.26333427235036
0.0762402001421923 1.26333427235036
0.0762402001421923 1.26333427235036
0.0762402001421923 1.26333427235036
0.0378581012632219 1.27406154662412
0.0378581012632219 1.27406154662412
0.0378581012632219 1.27406154662412
0.0762402001421923 1.26333427235036
0.0762402001421923 1.26333427235036
0.0216986548193555 1.33288831640473
0.0378581012632219 1.27406154662412
0.0762402001421923 1.26333427235036
0.0884214541383036 1.25263672306093
0.0515776213244271 1.21916808585041
0.0515776213244271 1.21916808585041
0.0515776213244271 1.21916808585041
0.0762402001421923 1.26333427235036
0.0762402001421923 1.26333427235036
0.0762402001421923 1.26333427235036
0.0884214541383036 1.25263672306093
0.0762402001421923 1.26333427235036
0.0378581012632219 1.27406154662412
0.0378581012632219 1.27406154662412
0.0378581012632219 1.27406154662412
0.0378581012632219 1.27406154662412
0.0378581012632219 1.27406154662412
0.0378581012632219 1.27406154662412
0.0378581012632219 1.27406154662412
-0.0236063885053587 1.27777249747683
0.0515776213244271 1.21916808585041
0.0216986548193555 1.33288831640473
0.0515776213244271 1.21916808585041
0.0515776213244271 1.21916808585041
0.0515776213244271 1.21916808585041
0.0378581012632219 1.27406154662412
0.0216986548193555 1.33288831640473
0.0216986548193555 1.33288831640473
0.0515776213244271 1.21916808585041
0.0216986548193555 1.33288831640473
0.0216986548193555 1.33288831640473
0.0515776213244271 1.21916808585041
0.0515776213244271 1.21916808585041
0.0515776213244271 1.21916808585041
0.0515776213244271 1.21916808585041
0.0216986548193555 1.33288831640473
0.0216986548193555 1.33288831640473
-0.0285562204732947 1.19804718248571
0.0216986548193555 1.33288831640473
0.0216986548193555 1.33288831640473
0.0378581012632219 1.27406154662412
0.0515776213244271 1.21916808585041
0.0378581012632219 1.27406154662412
0 0
0 0
0 0
0 0
0 0
0 0
0 0
0 0
0 0
0 0
0 0
0 0
0 0
0 0
0 0
0 0
0 0
0 0
0 0
0 0
0 0
0 0
0 0
0 0
0 0
0 0
0 0
0 0
0 0
0 0
0 0
0 0
0 0
0 0
0 0
0 0
0 0
0 0
0 0
0 0
0 0
0 0
0 0
0 0
0 0
0 0
0 0
0 0
0 0
0 0
0 0
0 0
0 0
0 0
0 0
0 0
0 0
0 0
0 0
0 0
0 0
0 0
0 0
0 0
0 0
0 0
0 0
0 0
0 0
0 0
0 0
0 0
0 0
0 0
0 0
0 0
0 0
0 0
0 0
0 0
0 0
0 0
0 0
0 0
0 0
0 0
0 0
0 0
0 0
0 0
0 0
0 0
0 0
0 0
0 0
0 0
0 0
0 0
0 0
0 0
0 0
0 0
0 0
0 0
0 0
0 0
0 0
0 0
0 0
0 0
0 0
0 0
0 0
0 0
0 0
0 0
0 0
0 0
0 0
0 0
0 0
0 0
0 0
0 0
0 0
0 0
0 0
0 0
0 0
0 0
0 0
0 0
0 0
0 0
0 0
0 0
0 0
0 0
0 0
0 0
0 0
0 0
0 0
0 0
0 0
0 0
0 0
0 0
0 0
0 0
0 0
0 0
0 0
0 0
0 0
0 0
0 0
0 0
0 0
0 0
0 0
0 0
0 0
0 0
0 0
0 0
0 0
0 0
0 0
0 0
0 0
0 0
0 0
0 0
0 0
0 0
0 0
0 0
0 0
0 0
0 0
0 0
0 0
0 0
0 0
0 0
0 0
0 0
0 0
0 0
0 0
0 0
0 0
0 0
0 0
0 0
0 0
0 0
0 0
0 0
0 0
0 0
0 0
0 0
0 0
0 0
0 0
0 0
0 0
0 0
0 0
0 0
0 0
0 0
0 0
0 0
0 0
0 0
0 0
0 0
0 0
0 0
0 0
0 0
0 0
0 0
0 0
0 0
0 0
0 0
0 0
0 0
0 0
0 0
0 0
0 0
0 0
0 0
0 0
0 0
0 0
0 0
0 0
0 0
0 0
0 0
0 0
0 0
0 0
0 0
0 0
0 0
0 0
0 0
0 0
0 0
0 0
0 0
0 0
0 0
0 0
0 0
0 0
0 0
0 0
0 0
0 0
0 0
0 0
0 0
0 0
0 0
0 0
0 0
0 0
0 0
0 0
0 0
0 0
0 0
0 0
0 0
0 0
0 0
0 0
0 0
0 0
0 0
0 0
0 0
0 0
0 0
0 0
0 0
0 0
0 0
0 0
0 0
0 0
0 0
0 0
0 0
0 0
0 0
0 0
0 0
0 0
0 0
0 0
0 0
0 0
0 0
0 0
0 0
0 0
0 0
0 0
0 0
0 0
0 0
0 0
0 0
0 0
0 0
0 0
0 0
0 0
0 0
0 0
0 0
0 0
0 0
0 0
0 0
0 0
0 0
0 0
0 0
0 0
0 0
0 0
0 0
0 0
0 0
0 0
0 0
0 0
0 0
0 0
0 0
0 0
0 0
0 0
0 0
0 0
0 0
0 0
0 0
0 0
0 0
0 0
0 0
0 0
0 0
0 0
0 0
0 0
0 0
0 0
0 0
0 0
0 0
0 0
0 0
0 0
0 0
0 0
0 0
0 0
0 0
0 0
0 0
0 0
0 0
0 0
0 0
0 0
0 0
0 0
0 0
0 0
0 0
0 0
0 0
0 0
0 0
0 0
0 0
0 0
0 0
0 0
0 0
0 0
0 0
0 0
0 0
0 0
0 0
0 0
0 0
0 0
0 0
0 0
0 0
0 0
0 0
0 0
0 0
0 0
0 0
0 0
0 0
0 0
0 0
0 0
0 0
0 0
0 0
0 0
0 0
0 0
0 0
0 0
0 0
0 0
0 0
0 0
0 0
0 0
0 0
0 0
0 0
0 0
0 0
0 0
0 0
0 0
0 0
0 0
0 0
0 0
0 0
0 0
0 0
0 0
0 0
0 0
0 0
0 0
0 0
0 0
0 0
0 0
0 0
0 0
0 0
0 0
0 0
0 0
0 0
0 0
0 0
0 0
0 0
0 0
0 0
0 0
0 0
0 0
0 0
0 0
0 0
0 0
0 0
0 0
0 0
0 0
0 0
0 0
0 0
0 0
0 0
0 0
0 0
0 0
0 0
0 0
0 0
0 0
0 0
0 0
0 0
0 0
0 0
0 0
0 0
0 0
0 0
0 0
0 0
0 0
0 0
0 0
0 0
0 0
0 0
0 0
0 0
0 0
0 0
0 0
0 0
0 0
0 0
0 0
0 0
0 0
0 0
0 0
0 0
0 0
0 0
0 0
0 0
0 0
0 0
0 0
0 0
0 0
0 0
0 0
0 0
0 0
0 0
0 0
0 0
0 0
0 0
0 0
0 0
0 0
0 0
0 0
0 0
0 0
0 0
0 0
0 0
0 0
0 0
0 0
0 0
0 0
0 0
0 0
0 0
0 0
0 0
0 0
0 0
0 0
0 0
0 0
0 0
0 0
0 0
0 0
0 0
0 0
0 0
0 0
0 0
0 0
0 0
0 0
0 0
0 0
0 0
0 0
0 0
0 0
0 0
0 0
0 0
0 0
0 0
0 0
0 0
0 0
0 0
0 0
0 0
0 0
0 0
0 0
0 0
0 0
0 0
0 0
0 0
0 0
0 0
0 0
0 0
0 0
0 0
0 0
0 0
0 0
0 0
0 0
0 0
0 0
0 0
0 0
0 0
0 0
0 0
0 0
0 0
0 0
0 0
0 0
0 0
0 0
0 0
0 0
0 0
0 0
0 0
0 0
0 0
0 0
0 0
0 0
0 0
0 0
0 0
0 0
0 0
0 0
0 0
0 0
0 0
0 0
0 0
0 0
0 0
0 0
0 0
0 0
0 0
0 0
0 0
0 0
0 0
0 0
0 0
0 0
0 0
0 0
0 0
0 0
0 0
0 0
0 0
0 0
0 0
0 0
0 0
0 0
0 0
0 0
0 0
0 0
0 0
0 0
0 0
0 0
0 0
0 0
0 0
0 0
0 0
0 0
0 0
0 0
0 0
0 0
0 0
0 0
0 0
0 0
0 0
0 0
0 0
0 0
0 0
0 0
0 0
0 0
0 0
0 0
0 0
0 0
0 0
0 0
0 0
0 0
0 0
0 0
0 0
0 0
0 0
0 0
0 0
0 0
0 0
0 0
0 0
0 0
0 0
0 0
0 0
0 0
0 0
0 0
0 0
0 0
0 0
0 0
0 0
0 0
0 0
0 0
0 0
0 0
0 0
0 0
0 0
0 0
0 0
0 0
0 0
0 0
0 0
0 0
0 0
0 0
0 0
0 0
0 0
0 0
0 0
0 0
0 0
0 0
0 0
0 0
0 0
0 0
0 0
0 0
0 0
0 0
0 0
0 0
0 0
0 0
0 0
0 0
0 0
0 0
0 0
0 0
0 0
0 0
0 0
0 0
0 0
0 0
0 0
0 0
0 0
0 0
0 0
0 0
0 0
0 0
0 0
0 0
0 0
0 0
0 0
0 0
0 0
0 0
0 0
0 0
0 0
0 0
0 0
0 0
0 0
0 0
0 0
0 0
0 0
0 0
0 0
0 0
0 0
0 0
0 0
0 0
0 0
0 0
0 0
0 0
0 0
0 0
0 0
0 0
0 0
0 0
0 0
0 0
0 0
0 0
0 0
0 0
0 0
0 0
0 0
0 0
0 0
0 0
0 0
0 0
0 0
0 0
0 0
0 0
0 0
0 0
0 0
0 0
0 0
0 0
0 0
0 0
0 0
0 0
0 0
0 0
0 0
0 0
0 0
0 0
0 0
0 0
0 0
0 0
0 0
0 0
0 0
0 0
0 0
0 0
0 0
0 0
0 0
0 0
0 0
0 0
0 0
0 0
0 0
0 0
0 0
0 0
0 0
0 0
0 0
0 0
0 0
0 0
0 0
0 0
0 0
0 0
0 0
0 0
0 0
0 0
0 0
0 0
0 0
0 0
0 0
0 0
0 0
0 0
0 0
0 0
0 0
0 0
0 0
0 0
0 0
0 0
0 0
0 0
0 0
0 0
0 0
0 0
0 0
0 0
0 0
0 0
0 0
0 0
0 0
0 0
0 0
0 0
0 0
0 0
0 0
0 0
0 0
0 0
0 0
0 0
0 0
0 0
0 0
0 0
0 0
0 0
0 0
0 0
0 0
0 0
0 0
0 0
0 0
0 0
0 0
0 0
0 0
0 0
0 0
0 0
0 0
0 0
0 0
0 0
0 0
0 0
0 0
0 0
0 0
0 0
0 0
0 0
0 0
0 0
