-1.14177e-34
1.36926e-32
2.68938e-32
3.90204e-32
4.96244e-32
5.83079e-32
6.47429e-32
6.86857e-32
6.9987e-32
6.85982e-32
6.45739e-32
5.80692e-32
4.93347e-32
3.87062e-32
2.65925e-32
1.34592e-32
-1.89026e-34
-1.38275e-32
-2.69323e-32
-3.89997e-32
-4.95662e-32
-5.82259e-32
-6.46463e-32
-6.85812e-32
-6.98799e-32
-6.84936e-32
-6.44771e-32
-5.79869e-32
-4.9276e-32
-3.86847e-32
-2.66297e-32
-1.35919e-32
-8.71773e-48
1.36926e-32
0.0140301
0.0274406
0.039755
0.0505183
0.0593266
0.0658471
0.0698329
0.0711331
0.0696992
0.0655874
0.0589564
0.0500614
0.0392447
0.026922
0.0135671
-0.000306809
-0.0141665
-0.0274793
-0.0397337
-0.050459
-0.0592431
-0.0657488
-0.0697266
-0.0710243
-0.0695929
-0.0654892
-0.058873
-0.0500021
-0.0392234
-0.0269606
-0.0137035
-1.75785e-17
2.68938e-32
0.0274406
0.0537236
0.0778792
0.0990036
0.1163
0.129114
0.136959
0.139537
0.136753
0.128714
0.115733
0.0983067
0.0771071
0.0529489
0.0267606
-0.000451112
-0.0276406
-0.053763
-0.0778146
-0.0988712
-0.116124
-0.128911
-0.136741
-0.139315
-0.136535
-0.128511
-0.115556
-0.0981743
-0.0770425
-0.0529883
-0.0269606
-3.44815e-17
3.90204e-32
0.039755
0.0778792
0.112942
0.143621
0.168754
0.187386
0.198808
0.202588
0.198582
0.186949
0.168135
0.142866
0.112113
0.0770589
0.0390506
-0.000451032
-0.0399278
-0.0778628
-0.112798
-0.143392
-0.168469
-0.187066
-0.198469
-0.202242
-0.198243
-0.186628
-0.16785
-0.142637
-0.111969
-0.0770425
-0.0392234
-5.00594e-17
4.96244e-32
0.0505183
0.0990036
0.143621
0.182678
0.21469
0.238436
0.253013
0.257865
0.252811
0.238046
0.214141
0.182014
0.142902
0.098308
0.0499458
-0.000325748
-0.0505746
-0.0988699
-0.143356
-0.182323
-0.214274
-0.237983
-0.252539
-0.257385
-0.252337
-0.237594
-0.213726
-0.181659
-0.142637
-0.0981743
-0.0500021
-6.37135e-17
5.83079e-32
0.0593266
0.1163
0.168754
0.21469
0.252355
0.280313
0.297496
0.303249
0.297354
0.28004
0.251975
0.214237
0.168279
0.115866
0.0590125
-9.55899e-05
-0.0591871
-0.115991
-0.168325
-0.214178
-0.251788
-0.279711
-0.296875
-0.302622
-0.296733
-0.279438
-0.251408
-0.213726
-0.16785
-0.115556
-0.058873
-7.49191e-17
6.47429e-32
0.0658471
0.129114
0.187386
0.238436
0.280313
0.311416
0.330554
0.336997
0.330499
0.311313
0.280177
0.238288
0.187257
0.129045
0.0658899
0.000218051
-0.0654464
-0.12858
-0.186757
-0.237742
-0.279575
-0.31065
-0.329773
-0.336211
-0.329718
-0.310547
-0.279438
-0.237594
-0.186628
-0.128511
-0.0654892
-8.32457e-17
6.86857e-32
0.0698329
0.136959
0.198808
0.253013
0.297496
0.330554
0.35092
0.357814
0.350972
0.33066
0.297658
0.253236
0.1991
0.137331
0.0703038
0.00059299
-0.069122
-0.136162
-0.197951
-0.252114
-0.296571
-0.329612
-0.349969
-0.35686
-0.350021
-0.329718
-0.296733
-0.252337
-0.198243
-0.136535
-0.0695929
-8.83731e-17
6.9987e-32
0.0711331
0.139537
0.202588
0.257865
0.303249
0.336997
0.357814
0.364901
0.357986
0.337336
0.303744
0.258501
0.203346
0.140398
0.0720767
0.00100664
-0.0700807
-0.138453
-0.201484
-0.25675
-0.302127
-0.335872
-0.356687
-0.363774
-0.35686
-0.336211
-0.302622
-0.257385
-0.202242
-0.139315
-0.0710243
-9.01045e-17
6.85982e-32
0.0696992
0.136753
0.198582
0.252811
0.297354
0.330499
0.350972
0.357986
0.35127
0.331081
0.298196
0.253877
0.199827
0.138122
0.071134
0.00143654
-0.0682919
-0.135372
-0.197224
-0.251473
-0.296033
-0.329191
-0.349671
-0.356687
-0.349969
-0.329773
-0.296875
-0.252539
-0.198469
-0.136741
-0.0697266
-8.83731e-17
6.45739e-32
0.0655874
0.128714
0.186949
0.238046
0.28004
0.311313
0.33066
0.337336
0.331081
0.312136
0.281226
0.239538
0.188673
0.130585
0.0675067
0.00186088
-0.0638296
-0.12704
-0.185341
-0.236492
-0.278526
-0.309827
-0.329191
-0.335872
-0.329612
-0.31065
-0.279711
-0.237983
-0.187066
-0.128911
-0.0657488
-8.32457e-17
5.80692e-32
0.0589564
0.115733
0.168135
0.214141
0.251975
0.280177
0.297658
0.303744
0.298196
0.281226
0.253483
0.216031
0.17031
0.118074
0.0613302
0.00225917
-0.0568694
-0.113783
-0.166294
-0.212384
-0.250281
-0.278526
-0.296033
-0.302127
-0.296571
-0.279575
-0.251788
-0.214274
-0.168469
-0.116124
-0.0592431
-7.49191e-17
4.93347e-32
0.0500614
0.0983067
0.142866
0.182014
0.214237
0.238288
0.253236
0.258501
0.253877
0.239538
0.216031
0.184259
0.14544
0.101065
0.0528385
0.0026128
-0.0476819
-0.0961126
-0.140818
-0.180078
-0.212384
-0.236492
-0.251473
-0.25675
-0.252114
-0.237742
-0.214178
-0.182323
-0.143392
-0.0988712
-0.050459
-6.37135e-17
3.87062e-32
0.0392447
0.0771071
0.112113
0.142902
0.168279
0.187257
0.1991
0.203346
0.199827
0.188673
0.17031
0.14544
0.115018
0.0802112
0.0423556
0.00290566
-0.0366228
-0.0747105
-0.109893
-0.140818
-0.166294
-0.185341
-0.197224
-0.201484
-0.197951
-0.186757
-0.168325
-0.143356
-0.112798
-0.0778146
-0.0397337
-5.00594e-17
2.65925e-32
0.026922
0.0529489
0.0770589
0.098308
0.115866
0.129045
0.137331
0.140398
0.138122
0.130585
0.118074
0.101065
0.0802112
0.0563111
0.0302824
0.00312462
-0.0241189
-0.0504008
-0.0747105
-0.0961126
-0.113783
-0.12704
-0.135372
-0.138453
-0.136162
-0.12858
-0.115991
-0.0988699
-0.0778628
-0.053763
-0.0274793
-3.44815e-17
1.34592e-32
0.0135671
0.0267606
0.0390506
0.0499458
0.0590125
0.0658899
0.0703038
0.0720767
0.071134
0.0675067
0.0613302
0.0528385
0.0423556
0.0302824
0.0170817
0.00325996
-0.0106518
-0.0241189
-0.0366228
-0.0476819
-0.0568694
-0.0638296
-0.0682919
-0.0700807
-0.069122
-0.0654464
-0.0591871
-0.0505746
-0.0399278
-0.0276406
-0.0141665
-1.75785e-17
-1.89026e-34
-0.000306809
-0.000451112
-0.000451032
-0.000325748
-9.55899e-05
0.000218051
0.00059299
0.00100664
0.00143654
0.00186088
0.00225917
0.0026128
0.00290566
0.00312462
0.00325996
0.00330575
0.00325996
0.00312462
0.00290566
0.0026128
0.00225917
0.00186088
0.00143654
0.00100664
0.00059299
0.000218051
-9.55899e-05
-0.000325748
-0.000451032
-0.000451112
-0.000306809
-1.12236e-32
-1.38275e-32
-0.0141665
-0.0276406
-0.0399278
-0.0505746
-0.0591871
-0.0654464
-0.069122
-0.0700807
-0.0682919
-0.0638296
-0.0568694
-0.0476819
-0.0366228
-0.0241189
-0.0106518
0.00325996
0.0170817
0.0302824
0.0423556
0.0528385
0.0613302
0.0675067
0.071134
0.0720767
0.0703038
0.0658899
0.0590125
0.0499458
0.0390506
0.0267606
0.0135671
1.75785e-17
-2.69323e-32
-0.0274793
-0.053763
-0.0778628
-0.0988699
-0.115991
-0.12858
-0.136162
-0.138453
-0.135372
-0.12704
-0.113783
-0.0961126
-0.0747105
-0.0504008
-0.0241189
0.00312462
0.0302824
0.0563111
0.0802112
0.101065
0.118074
0.130585
0.138122
0.140398
0.137331
0.129045
0.115866
0.098308
0.0770589
0.0529489
0.026922
3.44815e-17
-3.89997e-32
-0.0397337
-0.0778146
-0.112798
-0.143356
-0.168325
-0.186757
-0.197951
-0.201484
-0.197224
-0.185341
-0.166294
-0.140818
-0.109893
-0.0747105
-0.0366228
0.00290566
0.0423556
0.0802112
0.115018
0.14544
0.17031
0.188673
0.199827
0.203346
0.1991
0.187257
0.168279
0.142902
0.112113
0.0771071
0.0392447
5.00594e-17
-4.95662e-32
-0.050459
-0.0988712
-0.143392
-0.182323
-0.214178
-0.237742
-0.252114
-0.25675
-0.251473
-0.236492
-0.212384
-0.180078
-0.140818
-0.0961126
-0.0476819
0.0026128
0.0528385
0.101065
0.14544
0.184259
0.216031
0.239538
0.253877
0.258501
0.253236
0.238288
0.214237
0.182014
0.142866
0.0983067
0.0500614
6.37135e-17
-5.82259e-32
-0.0592431
-0.116124
-0.168469
-0.214274
-0.251788
-0.279575
-0.296571
-0.302127
-0.296033
-0.278526
-0.250281
-0.212384
-0.166294
-0.113783
-0.0568694
0.00225917
0.0613302
0.118074
0.17031
0.216031
0.253483
0.281226
0.298196
0.303744
0.297658
0.280177
0.251975
0.214141
0.168135
0.115733
0.0589564
7.49191e-17
-6.46463e-32
-0.0657488
-0.128911
-0.187066
-0.237983
-0.279711
-0.31065
-0.329612
-0.335872
-0.329191
-0.309827
-0.278526
-0.236492
-0.185341
-0.12704
-0.0638296
0.00186088
0.0675067
0.130585
0.188673
0.239538
0.281226
0.312136
0.331081
0.337336
0.33066
0.311313
0.28004
0.238046
0.186949
0.128714
0.0655874
8.32457e-17
-6.85812e-32
-0.0697266
-0.136741
-0.198469
-0.252539
-0.296875
-0.329773
-0.349969
-0.356687
-0.349671
-0.329191
-0.296033
-0.251473
-0.197224
-0.135372
-0.0682919
0.00143654
0.071134
0.138122
0.199827
0.253877
0.298196
0.331081
0.35127
0.357986
0.350972
0.330499
0.297354
0.252811
0.198582
0.136753
0.0696992
8.83731e-17
-6.98799e-32
-0.0710243
-0.139315
-0.202242
-0.257385
-0.302622
-0.336211
-0.35686
-0.363774
-0.356687
-0.335872
-0.302127
-0.25675
-0.201484
-0.138453
-0.0700807
0.00100664
0.0720767
0.140398
0.203346
0.258501
0.303744
0.337336
0.357986
0.364901
0.357814
0.336997
0.303249
0.257865
0.202588
0.139537
0.0711331
9.01045e-17
-6.84936e-32
-0.0695929
-0.136535
-0.198243
-0.252337
-0.296733
-0.329718
-0.350021
-0.35686
-0.349969
-0.329612
-0.296571
-0.252114
-0.197951
-0.136162
-0.069122
0.00059299
0.0703038
0.137331
0.1991
0.253236
0.297658
0.33066
0.350972
0.357814
0.35092
0.330554
0.297496
0.253013
0.198808
0.136959
0.0698329
8.83731e-17
-6.44771e-32
-0.0654892
-0.128511
-0.186628
-0.237594
-0.279438
-0.310547
-0.329718
-0.336211
-0.329773
-0.31065
-0.279575
-0.237742
-0.186757
-0.12858
-0.0654464
0.000218051
0.0658899
0.129045
0.187257
0.238288
0.280177
0.311313
0.330499
0.336997
0.330554
0.311416
0.280313
0.238436
0.187386
0.129114
0.0658471
8.32457e-17
-5.79869e-32
-0.058873
-0.115556
-0.16785
-0.213726
-0.251408
-0.279438
-0.296733
-0.302622
-0.296875
-0.279711
-0.251788
-0.214178
-0.168325
-0.115991
-0.0591871
-9.55899e-05
0.0590125
0.115866
0.168279
0.214237
0.251975
0.28004
0.297354
0.303249
0.297496
0.280313
0.252355
0.21469
0.168754
0.1163
0.0593266
7.49191e-17
-4.9276e-32
-0.0500021
-0.0981743
-0.142637
-0.181659
-0.213726
-0.237594
-0.252337
-0.257385
-0.252539
-0.237983
-0.214274
-0.182323
-0.143356
-0.0988699
-0.0505746
-0.000325748
0.0499458
0.098308
0.142902
0.182014
0.214141
0.238046
0.252811
0.257865
0.253013
0.238436
0.21469
0.182678
0.143621
0.0990036
0.0505183
6.37135e-17
-3.86847e-32
-0.0392234
-0.0770425
-0.111969
-0.142637
-0.16785
-0.186628
-0.198243
-0.202242
-0.198469
-0.187066
-0.168469
-0.143392
-0.112798
-0.0778628
-0.0399278
-0.000451032
0.0390506
0.0770589
0.112113
0.142866
0.168135
0.186949
0.198582
0.202588
0.198808
0.187386
0.168754
0.143621
0.112942
0.0778792
0.039755
5.00594e-17
-2.66297e-32
-0.0269606
-0.0529883
-0.0770425
-0.0981743
-0.115556
-0.128511
-0.136535
-0.139315
-0.136741
-0.128911
-0.116124
-0.0988712
-0.0778146
-0.053763
-0.0276406
-0.000451112
0.0267606
0.0529489
0.0771071
0.0983067
0.115733
0.128714
0.136753
0.139537
0.136959
0.129114
0.1163
0.0990036
0.0778792
0.0537236
0.0274406
3.44815e-17
-1.35919e-32
-0.0137035
-0.0269606
-0.0392234
-0.0500021
-0.058873
-0.0654892
-0.0695929
-0.0710243
-0.0697266
-0.0657488
-0.0592431
-0.050459
-0.0397337
-0.0274793
-0.0141665
-0.000306809
0.0135671
0.026922
0.0392447
0.0500614
0.0589564
0.0655874
0.0696992
0.0711331
0.0698329
0.0658471
0.0593266
0.0505183
0.039755
0.0274406
0.0140301
1.75785e-17
-8.71773e-48
-1.75785e-17
-3.44815e-17
-5.00594e-17
-6.37135e-17
-7.49191e-17
-8.32457e-17
-8.83731e-17
-9.01045e-17
-8.83731e-17
-8.32457e-17
-7.49191e-17
-6.37135e-17
-5.00594e-17
-3.44815e-17
-1.75785e-17
-1.12236e-32
1.75785e-17
3.44815e-17
5.00594e-17
6.37135e-17
7.49191e-17
8.32457e-17
8.83731e-17
9.01045e-17
8.83731e-17
8.32457e-17
7.49191e-17
6.37135e-17
5.00594e-17
3.44815e-17
1.75785e-17
2.19551e-32
