0.00484494417592407
-0.0406301803406205
-0.0457551264445644
-0.0352504641787945
0.0108033787867852
0.0445634681458658
0.075944277372305
0.116853621269903
0.0353002692540472
0.042494391612252
-0.0212257471147891
0.0229030429540553
0.0944287375392878
0.0815893911753873
-0.0754779301130057
0.515545461365113
0.49507278325987
1.21916808585041
1.33288831640473
0.833778070130381
0.211834734372839
-0.293565446552305
-0.524942055835223
-0.404487038226777
-0.0576112035501195
-0.0388655512304055
-0.152595798278856
-0.152595798278856
-0.0925931246666833
-0.108909267041296
0.0351383710969639
0.749331885738653
1.12673221918032
0.804312122526013
0.484890439267401
0.394698430033117
0.217538972172652
0.153454289377439
0.183851106666171
-0.037638454114701
-0.0811147951741393
0.385226498357143
0.227353755676674
-0.188487284324327
-0.0278869159360289
-0.0263089902599052
-0.150321266337175
-0.104910968754601
0.0156706115896224
-0.0299563793936781
-0.217673283180177
-0.206583544667561
-0.0814375904878268
0.0917306904144404
0.157775501571171
0.0855122252285185
0.00325865059003561
-0.0480965966135607
-0.0391467963222927
-0.00205404429235556
0.0178494725961106
0.0144962578978171
-0.189019582360281
-0.277526117032918
-0.129623931886419
-0.0318351136694727
0.0511872539870171
0.215402330583449
0.391562954586729
0.655511034076163
1.08718584567941
1.14509004407568
0.898419218150569
0.47156739852712
0.581618394507241
0.58011266227547
0.432230542702787
0.0813278956051693
-0.0478594943484839
-0.133461267559549
-0.0998123656893118
0.0508658091661314
-0.375012383628493
0.450985006381625
0.777968852906242
0.49507278325987
0.897572247168135
0.897572247168135
0.897572247168135
1.25263672306093
0.980113264626898
1.23931135506658
1.25263672306093
1.09950824415314
0.980113264626898
0.980113264626898
0.980113264626898
0.980113264626898
0.980113264626898
0.887275312026546
0.980113264626898
0.980113264626898
0.980113264626898
1.23931135506658
0.980113264626898
0.980113264626898
0.980113264626898
0.980113264626898
1.23931135506658
1.23931135506658
1.23931135506658
1.23931135506658
1.23931135506658
1.23931135506658
0.980113264626898
1.00006622948828
1.23931135506658
1.25263672306093
1.23931135506658
1.25263672306093
1.23931135506658
1.23931135506658
1.23931135506658
1.23931135506658
1.25263672306093
1.25263672306093
1.25263672306093
1.25263672306093
1.23931135506658
1.09950824415314
0.980113264626898
1.00006622948828
1.00006622948828
1.00006622948828
1.00006622948828
1.00006622948828
0.980113264626898
1.00006622948828
1.00006622948828
1.00006622948828
1.09950824415314
0.789059165012344
1.09950824415314
1.09950824415314
1.09950824415314
0.522475189002019
1.09950824415314
1.09950824415314
1.09950824415314
1.09950824415314
1.09950824415314
1.09950824415314
1.09950824415314
1.00006622948828
1.00006622948828
1.09950824415314
1.09950824415314
1.00006622948828
1.23931135506658
1.09950824415314
1.09950824415314
0.980113264626898
0.782167288782945
1.09950824415314
1.00006622948828
1.00006622948828
1.23931135506658
0.624556536999743
1.25263672306093
1.25263672306093
0.612145696292479
1.25263672306093
1.09950824415314
0.522475189002019
0.782167288782945
0.782167288782945
0.782167288782945
0.782167288782945
0.782167288782945
0.782167288782945
0.782167288782945
0.782167288782945
0.777968852906242
0.551411366419176
0.782167288782945
0.782167288782945
0.782167288782945
0.782167288782945
0.782167288782945
0.777968852906242
0.323514029689847
0.782167288782945
0.323514029689847
0.323514029689847
0.551411366419176
0.782167288782945
0.782167288782945
0.777968852906242
0.777968852906242
1.00006622948828
0.777968852906242
0.777968852906242
1.00006622948828
0.777968852906242
0.777968852906242
0.777968852906242
0.777968852906242
0.777968852906242
0.777968852906242
0.777968852906242
0.777968852906242
0.551411366419176
0.777968852906242
0.777968852906242
0.551411366419176
0.551411366419176
0.551411366419176
0.551411366419176
0.551411366419176
0.571264889762956
0.551411366419176
0.571264889762956
0.571264889762956
0.551411366419176
-0.121547586276472
1.00006622948828
1.25263672306093
1.25263672306093
1.25263672306093
1.25263672306093
1.25263672306093
0.789059165012344
0.323514029689847
0.551411366419176
0.0774254005528188
1.00006622948828
0.551411366419176
0.551411366419176
0.551411366419176
0.551411366419176
0.551411366419176
0.551411366419176
0.551411366419176
0.571264889762956
0.571264889762956
0.571264889762956
0.571264889762956
0.450985006381625
0.571264889762956
0.571264889762956
0.410433431876474
0.777968852906242
0.612145696292479
0.32767792847877
0.450985006381625
0.571264889762956
0.571264889762956
0.571264889762956
0.410433431876474
0.410433431876474
0.410433431876474
0.410433431876474
0.410433431876474
0.410433431876474
0.410433431876474
0.450985006381625
0.571264889762956
0.410433431876474
0.410433431876474
0.410433431876474
0.410433431876474
0.410433431876474
0.410433431876474
0.410433431876474
0.410433431876474
-0.188487284324327
0.450985006381625
0.571264889762956
0.410433431876474
0.450985006381625
0.410433431876474
0.571264889762956
0.410433431876474
0.410433431876474
0.777968852906242
0.450985006381625
0.450985006381625
0.450985006381625
0.450985006381625
0.450985006381625
0.450985006381625
0.38373419567724
0.410433431876474
0.450985006381625
0.450985006381625
0.450985006381625
0.38373419567724
0.32767792847877
0.164376870956242
0.38373419567724
0.38373419567724
0.38373419567724
0.38373419567724
0.38373419567724
0.407051851133167
0.0917306904144404
0.450985006381625
0.38373419567724
0.38373419567724
0.38373419567724
0.38373419567724
0.211857926946297
0.38373419567724
0.38373419567724
0.38373419567724
0.233759530107849
0.38373419567724
0.38373419567724
0.0754443798068812
0.161306911138361
0.0927202198919452
0.0964495912353265
0.208388932953515
0.233759530107849
0.161306911138361
0.38373419567724
0.143667884414196
0.142847176479603
0.0754443798068812
-0.00874279511940257
0.0291519741310025
0.134126858522937
0.0815893911753873
0.134126858522937
-0.25940102262238
0.105387764807787
-0.25940102262238
-0.522378210857419
-0.295817378366187
-0.375012383628493
-0.939783243391332
-0.522378210857419
-0.64722296989663
-0.702556216943152
-0.063083144500675
-0.0421856977638384
-0.178612718966524
-0.178612718966524
-0.965480686226645
-0.965480686226645
-0.965480686226645
-0.965480686226645
-0.965480686226645
-0.675454238767354
-0.965480686226645
-0.965480686226645
-0.675454238767354
-0.675454238767354
-0.965480686226645
-0.590917221632835
-0.965480686226645
-0.590917221632835
-0.965480686226645
-0.675454238767354
-0.597193234214801
-0.590917221632835
-0.590917221632835
-0.590917221632835
0.225396948701447
-0.702556216943152
-0.939783243391332
-0.529089205295471
-0.529089205295471
-0.529089205295471
-0.359281832358164
-0.64722296989663
-0.939783243391332
-0.982113964925869
-0.939783243391332
-0.982113964925869
-0.939783243391332
-0.939783243391332
-0.939783243391332
-0.939783243391332
-0.939783243391332
-0.939783243391332
-0.939783243391332
-0.939783243391332
-0.939783243391332
-0.939783243391332
-0.939783243391332
-0.965480686226645
-0.965480686226645
-0.965480686226645
-0.965480686226645
-0.965480686226645
-0.796414440536952
-0.675454238767354
-0.590917221632835
-0.275598404478789
-0.590917221632835
-0.190732111913778
0.601735745185717
0.468426933632635
0.329750242840965
-0.982113964925869
-0.982113964925869
-0.982113964925869
-0.982113964925869
-0.982113964925869
-0.982113964925869
-0.982113964925869
-0.982113964925869
-0.982113964925869
-0.982113964925869
-0.965480686226645
-0.965480686226645
-0.939783243391332
-0.178612718966524
0.225396948701447
0.0504710155644899
-0.464308094301113
-0.675454238767354
-0.675454238767354
-0.675454238767354
-0.675454238767354
-0.675454238767354
-0.675454238767354
-0.675454238767354
-0.675454238767354
-0.675454238767354
-0.675454238767354
-0.590917221632835
-0.377343373388557
-0.590917221632835
-0.590917221632835
-0.675454238767354
-0.675454238767354
-0.590917221632835
-0.590917221632835
-0.590917221632835
-0.590917221632835
-0.275598404478789
-0.275598404478789
-0.590917221632835
0.106050303353514
-0.178379928822658
-0.833740048339731
0.644482380060392
0.329750242840965
0.898419218150569
1.14509004407568
-0.982113964925869
-0.939783243391332
-0.796414440536952
-0.275598404478789
-0.275598404478789
-0.275598404478789
-0.275598404478789
-0.275598404478789
-0.275598404478789
0.0544430641120932
-0.275598404478789
-0.275598404478789
-0.275598404478789
0.0544430641120932
-0.275598404478789
-0.275598404478789
0.0544430641120932
0.0544430641120932
0.0544430641120932
0.0544430641120932
0.0544430641120932
0.0544430641120932
0.0192856873172693
0.0192856873172693
0.0544430641120932
0.0544430641120932
0.0544430641120932
0.0544430641120932
-0.590917221632835
-0.247806035721856
-0.982113964925869
-0.242376406485298
1.14509004407568
0.898419218150569
0.898419218150569
0.898419218150569
0.898419218150569
1.14509004407568
-0.982113964925869
-0.982113964925869
-0.590917221632835
0.0544430641120932
0.0544430641120932
0.0544430641120932
-0.982113964925869
-0.209452281524844
-0.268762922725963
-0.268762922725963
-0.268762922725963
-0.131056981949537
-0.590917221632835
-0.590917221632835
-0.277526117032918
1.08718584567941
1.08718584567941
0.32851874782079
-0.150632727011583
-0.150632727011583
0.887780245472286
-0.20991706222631
0.887780245472286
-0.1851565280398
-0.189019582360281
-0.355510640216411
0.887780245472286
1.08718584567941
0.887780245472286
0.655511034076163
-0.300008384365748
0.0192856873172693
-0.0321704214940018
-0.0517286035520044
-0.150632727011583
-0.464308094301113
-0.464308094301113
-0.464308094301113
-0.464308094301113
-0.284479558555057
0.0353002692540472
0.432230542702787
-0.0825524112807935
0.070734834189392
0.0223904857456187
0.980113264626898
1.26333427235036
0.606023717395551
1.26333427235036
1.26333427235036
1.26333427235036
1.26333427235036
1.27406154662412
1.26333427235036
1.26333427235036
1.26333427235036
1.26333427235036
1.26333427235036
1.26333427235036
1.26333427235036
1.27406154662412
1.27406154662412
1.27406154662412
1.26333427235036
1.26333427235036
1.33288831640473
1.27406154662412
1.26333427235036
1.25263672306093
1.21916808585041
1.21916808585041
1.21916808585041
1.26333427235036
1.26333427235036
1.26333427235036
1.25263672306093
1.26333427235036
1.27406154662412
1.27406154662412
1.27406154662412
1.27406154662412
1.27406154662412
1.27406154662412
1.27406154662412
1.27777249747683
1.21916808585041
1.33288831640473
1.21916808585041
1.21916808585041
1.21916808585041
1.27406154662412
1.33288831640473
1.33288831640473
1.21916808585041
1.33288831640473
1.33288831640473
1.21916808585041
1.21916808585041
1.21916808585041
1.21916808585041
1.33288831640473
1.33288831640473
1.19804718248571
1.33288831640473
1.33288831640473
1.27406154662412
0.684495875542462
1.21916808585041
1.27406154662412
1.27406154662412
1.27777249747683
1.27777249747683
1.27777249747683
1.19804718248571
1.27777249747683
1.27406154662412
1.27777249747683
1.27777249747683
1.19804718248571
0.684495875542462
0.684495875542462
1.27406154662412
1.19804718248571
1.27777249747683
1.27777249747683
1.27777249747683
0.684495875542462
1.27777249747683
1.23284604532951
1.23284604532951
1.23284604532951
1.23284604532951
1.23284604532951
1.19804718248571
1.27777249747683
1.19804718248571
1.19804718248571
1.19804718248571
1.19804718248571
1.19804718248571
1.19804718248571
1.19804718248571
1.27777249747683
1.23284604532951
1.27777249747683
1.27777249747683
1.23284604532951
1.27777249747683
1.19804718248571
1.23284604532951
1.23284604532951
1.1957673037986
1.23284604532951
1.23284604532951
1.23284604532951
1.23284604532951
0.435760696217234
1.23284604532951
1.1957673037986
1.23284604532951
1.1957673037986
1.1957673037986
1.1957673037986
1.1957673037986
1.1957673037986
1.1957673037986
1.1957673037986
1.1957673037986
1.1957673037986
1.1957673037986
1.1957673037986
1.1957673037986
1.27777249747683
1.19804718248571
1.1957673037986
1.21467648805182
0.817880352805165
0.817880352805165
0.798439355268243
1.1957673037986
1.1957673037986
1.1957673037986
1.1957673037986
0.508588458216613
1.21467648805182
1.21467648805182
1.21467648805182
1.21467648805182
1.21467648805182
1.21467648805182
1.21467648805182
1.21467648805182
1.21467648805182
1.21467648805182
1.21467648805182
1.2174634074269
1.21467648805182
1.21467648805182
0.862738672715502
1.2174634074269
1.2174634074269
1.2174634074269
1.2174634074269
1.2174634074269
1.2174634074269
1.21467648805182
1.2174634074269
1.2174634074269
0.798439355268243
1.14107041955548
1.21467648805182
1.2174634074269
1.2174634074269
1.14107041955548
0.974702410481943
1.21467648805182
1.14107041955548
0.974702410481943
0.974702410481943
0.175678358456165
0.974702410481943
0.974702410481943
1.2174634074269
0.974702410481943
1.14107041955548
0.974702410481943
0.974702410481943
1.14107041955548
0.974702410481943
0.211834734372839
1.08814957608395
1.14107041955548
1.14107041955548
1.08814957608395
0.974702410481943
0.974702410481943
0.974702410481943
0.974702410481943
0.974702410481943
0.974702410481943
1.14107041955548
0.974702410481943
1.08814957608395
1.08814957608395
1.08814957608395
1.08814957608395
1.08814957608395
1.08814957608395
1.02965477610134
1.08814957608395
1.08814957608395
1.08814957608395
1.08814957608395
0.957197249929573
1.02965477610134
1.08814957608395
1.08814957608395
1.08814957608395
1.02965477610134
1.08814957608395
1.15579423740769
1.02965477610134
1.15579423740769
1.15579423740769
1.08814957608395
1.02965477610134
1.02965477610134
1.02965477610134
1.02965477610134
0.957197249929573
1.15579423740769
0.957197249929573
0.957197249929573
0.957197249929573
0.957197249929573
0.957197249929573
1.15579423740769
0.957197249929573
1.08814957608395
1.15579423740769
1.15579423740769
1.15579423740769
1.02965477610134
1.02965477610134
1.14107041955548
1.14107041955548
1.14107041955548
1.15579423740769
1.15579423740769
1.15579423740769
1.02965477610134
1.1354482579225
0.957197249929573
1.02965477610134
1.02965477610134
1.02965477610134
1.02965477610134
1.14107041955548
1.14107041955548
1.14107041955548
1.02965477610134
0.957197249929573
1.02965477610134
1.1354482579225
0.957197249929573
0.957197249929573
0.974715966755039
0.957197249929573
0.957197249929573
0.957197249929573
0.957197249929573
1.1354482579225
1.08049676313541
0.365779149477202
0.960621106463976
0.314809052597464
0.52889575478054
0.133652433357663
1.15579423740769
1.1354482579225
1.1354482579225
0.960621106463976
0.960621106463976
1.14107041955548
1.14107041955548
1.14107041955548
1.2174634074269
1.2174634074269
0.618554328659167
1.2174634074269
1.2174634074269
0.595081614828282
1.1354482579225
1.1354482579225
1.1354482579225
-0.0990571335794497
-0.0925931246666833
0.960621106463976
1.2174634074269
1.2174634074269
0.618554328659167
1.08049676313541
1.1354482579225
1.1354482579225
1.11175996286268
0.438664271788442
1.06002873038621
0.974715966755039
1.1354482579225
1.08049676313541
-0.152595798278856
1.11175996286268
0.749331885738653
0.974715966755039
0.974715966755039
1.06002873038621
1.06002873038621
1.06002873038621
1.06002873038621
1.06002873038621
1.08049676313541
1.06002873038621
1.1354482579225
1.08049676313541
1.08049676313541
1.08049676313541
1.08049676313541
1.08049676313541
1.1354482579225
1.08049676313541
1.08049676313541
1.08049676313541
1.06002873038621
0.960621106463976
1.08049676313541
1.06002873038621
1.06002873038621
1.08049676313541
1.08049676313541
1.06002873038621
1.06002873038621
1.06002873038621
1.06002873038621
0.960621106463976
1.08049676313541
1.08049676313541
1.08049676313541
0.595081614828282
0.217538972172652
0.960621106463976
0.960621106463976
1.12673221918032
1.12673221918032
1.11175996286268
1.12673221918032
1.12673221918032
1.12673221918032
1.12673221918032
1.12673221918032
1.1354482579225
1.1354482579225
1.1354482579225
1.1354482579225
1.11175996286268
0.960621106463976
0.960621106463976
0.960621106463976
0.960621106463976
0.960621106463976
1.11175996286268
1.11175996286268
1.11175996286268
1.11175996286268
1.11175996286268
1.11175996286268
1.11175996286268
1.12673221918032
1.12673221918032
1.12673221918032
1.12673221918032
0.974715966755039
1.06002873038621
1.06002873038621
0.595081614828282
0.960621106463976
0.960621106463976
1.11175996286268
1.11175996286268
1.06002873038621
1.11175996286268
1.11175996286268
1.12673221918032
1.12673221918032
1.12673221918032
0.691472582664902
0.804312122526013
0.691472582664902
0.691472582664902
1.06002873038621
0.450985006381625
0.450985006381625
0.225396948701447
0.225396948701447
0.225396948701447
0.225396948701447
0.225396948701447
0.0994048176201315
0.225396948701447
0.225396948701447
0.225396948701447
0.225396948701447
0.225396948701447
0.225396948701447
0.225396948701447
0.0544430641120932
0.0544430641120932
0.0544430641120932
0.225396948701447
0.225396948701447
0.106050303353514
0.225396948701447
0.225396948701447
0.0930746722552072
0.0504710155644899
0.181674291399938
1.08718584567941
1.14509004407568
1.08718584567941
1.08718584567941
0.211834734372839
0.957197249929573
0.974715966755039
0.957197249929573
0.974715966755039
0.974715966755039
0.974715966755039
0.974715966755039
0.974715966755039
0.974715966755039
0.974715966755039
0.974715966755039
1.1354482579225
0.974715966755039
0.974715966755039
1.15579423740769
1.15579423740769
1.15579423740769
1.1354482579225
0.804312122526013
0.0747643289044266
1.11175996286268
0.06605377130779
0.599202537740964
1.21916808585041
1.19804718248571
0.435760696217234
-0.293565446552305
0.749331885738653
1.12673221918032
0.133652433357663
-0.101518390013051
0.655511034076163
0.887780245472286
1.08718584567941
0.898419218150569
0.560885468995941
0.06605377130779
1.19804718248571
1.33288831640473
0.211834734372839
0.887780245472286
0.887780245472286
1.08718584567941
-0.464308094301113
-0.464308094301113
-0.355510640216411
-0.179108954388775
0.0192856873172693
0.655511034076163
-0.464308094301113
-0.247806035721856
-0.597193234214801
-0.178612718966524
0.0544430641120932
0.0504710155644899
0.0544430641120932
0.0994048176201315
0.181674291399938
0.38373419567724
0.164376870956242
0.340206603281548
0.32767792847877
0.542211019485701
0.542211019485701
-0.796414440536952
-0.982113964925869
-0.982113964925869
0.644482380060392
-0.833740048339731
-0.375012383628493
0.898419218150569
0.601735745185717
0.560885468995941
0.468426933632635
0.432230542702787
0.262682285481728
0.164376870956242
0.0254372126169928
0.314809052597464
0.271749330331148
0.354984069926187
0.217712935154484
0.354984069926187
1.00006622948828
0.887275312026546
0.789059165012344
0.887275312026546
0.897572247168135
0.897572247168135
0.817880352805165
0.747757972352025
0.747757972352025
0.612145696292479
0.612145696292479
0.606023717395551
1.27777249747683
0.684495875542462
1.27777249747683
0.590954980930657
0.682208664429207
0.508588458216613
1.1957673037986
0.798439355268243
0.862738672715502
1.02965477610134
0.798439355268243
1.1354482579225
0.618554328659167
0.52889575478054
0.302742343112205
0.974715966755039
1.12673221918032
0.306018024391751
0.153454289377439
0.691472582664902
0.484890439267401
0.804312122526013
0.691472582664902
0.804312122526013
0.06605377130779
-0.597193234214801
0.0504710155644899
0.181674291399938
0.0504710155644899
0.0994048176201315
0.407051851133167
0.340206603281548
0.340206603281548
-0.247806035721856
0.560885468995941
0.432230542702787
0.314809052597464
0.175678358456165
0.217712935154484
0.271749330331148
0.817880352805165
0.747757972352025
0.606023717395551
0.684495875542462
0.682208664429207
0.682208664429207
0.508588458216613
0.508588458216613
0.52889575478054
0.306018024391751
0.217538972172652
0.217712935154484
0.747757972352025
0.682208664429207
0.217538972172652
0.217538972172652
0.306018024391751
-0.377343373388557
-0.464308094301113
0.32851874782079
-0.796414440536952
-0.597193234214801
0.0196323833798351
0.124001428610558
0.407051851133167
0.211857926946297
0.166116761323958
-0.0118352271602231
-0.00416973636650497
0.32767792847877
0.551411366419176
-0.833740048339731
-0.702556216943152
-0.529089205295471
-0.64722296989663
0.561377008484002
0.515545461365113
0.561377008484002
0.887275312026546
0.410433431876474
0.13092594017293
0.897572247168135
1.21916808585041
0.366987566154628
0.887275312026546
1.33288831640473
0.789059165012344
0.522475189002019
0.624556536999743
1.09950824415314
0.684495875542462
1.23284604532951
0.862738672715502
0.749331885738653
0.960621106463976
1.12673221918032
0.749331885738653
0.749331885738653
1.12673221918032
0.558178711602309
0.438664271788442
0.595081614828282
0.107450937014454
-0.241177575043005
0.0192856873172693
-0.178612718966524
0.0994048176201315
0.103697866962853
0.32851874782079
0.644482380060392
-0.295817378366187
-0.375012383628493
0.164376870956242
0.0254372126169928
0.0254372126169928
0.789059165012344
0.887275312026546
0.612145696292479
0.606023717395551
0.862738672715502
0.618554328659167
0.691472582664902
0.804312122526013
0.804312122526013
0.804312122526013
0.148074900956947
-0.178612718966524
0.0504710155644899
0.0754443798068812
0.340206603281548
0.606023717395551
0.682208664429207
0.52889575478054
0.217538972172652
0.306018024391751
-0.464308094301113
-0.597193234214801
0.407051851133167
-0.00416973636650497
0.166116761323958
0.561377008484002
0.515545461365113
0.175678358456165
0.897572247168135
0.624556536999743
0.522475189002019
0.862738672715502
0.862738672715502
0.0351383710969639
0.749331885738653
0.558178711602309
0.438664271788442
0.0994048176201315
0.887275312026546
0.606023717395551
0.618554328659167
0.691472582664902
0.484890439267401
0.148074900956947
0.0504710155644899
0.682208664429207
0.590954980930657
0.217538972172652
0.217538972172652
0.522475189002019
0.624556536999743
0.749331885738653
0.558178711602309
0.438664271788442
0.606023717395551
0.618554328659167
0.394698430033117
0.606023717395551
-0.375012383628493
0.166116761323958
0.0774254005528188
0.340206603281548
0.407051851133167
0.32767792847877
1.14509004407568
-0.597193234214801
-0.25940102262238
-0.144200993453985
0.49507278325987
0.211834734372839
0.435760696217234
0.897572247168135
-0.188487284324327
-0.188487284324327
0.558178711602309
1.02965477610134
-0.179108954388775
0.0192856873172693
0.176911844689192
0.542211019485701
-0.796414440536952
0.314809052597464
0.817880352805165
0.302742343112205
0.691472582664902
0.0504710155644899
0.181674291399938
-0.247806035721856
0.468426933632635
-0.0183634039047813
0.817880352805165
0.32851874782079
0.106050303353514
0.323514029689847
-0.702556216943152
0.789059165012344
0.749331885738653
0.438664271788442
0.595081614828282
-0.241177575043005
0.644482380060392
-0.702556216943152
-0.375012383628493
0.340206603281548
0.624556536999743
0.862738672715502
0.862738672715502
0.618554328659167
0.887275312026546
0.306018024391751
0.508588458216613
-0.0278869159360289
0.624556536999743
0.52889575478054
-0.0343148781612379
-0.597193234214801
0.747757972352025
0.817880352805165
-0.101518390013051
0.359694131761593
-0.179108954388775
-0.179108954388775
0.0192856873172693
0.302742343112205
0.0504710155644899
-0.178612718966524
0.181674291399938
0.32851874782079
0.749331885738653
-0.375012383628493
0.862738672715502
0.618554328659167
0.897572247168135
0.817880352805165
0.435760696217234
-0.375012383628493
0.558178711602309
0.233759530107849
-0.242376406485298
0.47156739852712
-0.359281832358164
0.143667884414196
0.134126858522937
-0.268762922725963
0.365779149477202
-0.355510640216411
0.262682285481728
0.164376870956242
0.354984069926187
0.897572247168135
0.217712935154484
0.0196323833798351
0.515545461365113
0.32851874782079
0.644482380060392
0.561377008484002
0.0254372126169928
0.52889575478054
0.49507278325987
0.271749330331148
0.484890439267401
0.438664271788442
0.0351383710969639
-0.067429391237682
0.166116761323958
0.612145696292479
-0.0343148781612379
0.176911844689192
0.176911844689192
0.542211019485701
-0.209452281524844
0.560885468995941
-0.295817378366187
0.522475189002019
-0.063083144500675
0.233759530107849
0.314809052597464
-0.0183634039047813
-0.166288334963033
0.354984069926187
0.0994048176201315
0.561377008484002
0.438664271788442
0.302742343112205
-0.188487284324327
0.176911844689192
0.542211019485701
-0.209452281524844
-0.209452281524844
0.233759530107849
0.0144962578978171
-0.300008384365748
-0.64722296989663
0.140980701982934
0.0914663069000037
0.0944287375392878
-0.0990571335794497
-0.152595798278856
-0.152595798278856
-0.152595798278856
-0.152595798278856
0.211834734372839
-0.150632727011583
0.601735745185717
-0.377343373388557
0.211857926946297
-0.384158279712825
-0.64722296989663
-0.522378210857419
0.366987566154628
0.227353755676674
0.107450937014454
0.148074900956947
0.06605377130779
0.148074900956947
0.222041848948205
0.394698430033117
0.394698430033117
0.0325565182745122
-0.0847923237803163
-0.241177575043005
-0.101518390013051
-0.0421856977638384
-0.037638454114701
-0.252951143385536
-0.189019582360281
0.166116761323958
-0.295817378366187
0.314809052597464
0.0913360275055051
0.164376870956242
0.0168160770233332
0.0855122252285185
0.140980701982934
0.140984734203289
-0.190732111913778
-0.384158279712825
0.227353755676674
0.042494391612252
0.103359188390988
-0.0118352271602231
-0.110792275798356
0.0154268025065507
0.233759530107849
0.105387764807787
-0.384158279712825
-0.384158279712825
-0.178379928822658
0.208388932953515
0.142847176479603
0.0747643289044266
0.0930746722552072
0.161306911138361
-0.067429391237682
0.32767792847877
-0.25940102262238
0.302742343112205
0.468426933632635
0.0509766133257672
-0.0835308362715261
0.136293562483212
0.106050303353514
0.0754443798068812
0.107450937014454
-0.0243565792131587
0.0196323833798351
-0.242376406485298
0.175678358456165
0.522475189002019
-0.110792275798356
-0.0183634039047813
0.153454289377439
0.542211019485701
0.0144962578978171
-0.833740048339731
0.0944287375392878
-0.00874279511940257
0.13092594017293
-0.037638454114701
-0.189019582360281
-0.277526117032918
-0.0677181364347297
0.0168160770233332
0.385226498357143
-0.384158279712825
-0.103228502782165
-0.178379928822658
0.133652433357663
0.0509766133257672
-0.00205404429235556
-0.0243565792131587
-0.242376406485298
-0.338320623386734
0.329855551966594
-0.140514697598482
0.183851106666171
-0.0183634039047813
-0.316565063533139
-0.00236493287298589
0.0437534741811577
-0.0173361821407787
0.0684714878246244
-0.300008384365748
-0.108909267041296
0.365779149477202
-0.0990571335794497
0.366987566154628
0.385226498357143
0.140980701982934
0.109019387433571
0.0747643289044266
-0.178577207062534
-0.110792275798356
-0.284479558555057
-0.0678973045548796
-0.316565063533139
-0.450692456875009
0.140980701982934
-0.197876960739258
-0.246191102123375
-0.450692456875009
-0.0232882601966363
-0.119140563792585
0.142847176479603
0.137409940616348
-0.00979619974237367
-0.126117021021799
-0.0677181364347297
-0.0624699497536545
-0.0160374282495228
0.168301514085737
-0.199909736072607
-0.118918382236811
-0.140514697598482
-0.107004841006877
0.00897672924976511
-0.144200993453985
0.144660063742792
-0.107004841006877
-0.0474578203054933
0.0291519741310025
-0.126117021021799
-0.0678973045548796
-0.0103019784556492
-0.0419453900206255
-0.0938247797125974
0.131611156360066
-0.0411256956371935
-0.166288334963033
-0.0835308362715261
-0.234879939820501
-0.350968637299388
-0.0338597907407867
0.0925710363384056
-0.00833071979488054
-0.121547586276472
0.0897206137652682
0.0794435354617061
-0.0512956925275591
-0.0347807542701699
-0.0587933848272257
0.0158869198741771
-0.149902426258009
0.113188533847094
0.0714250693547859
0.0351714157204158
0.0390117476501264
0.0382371465115035
0.0347978264287356
-0.00165212989979646
-0.0606764969171225
0.0145793052283614
-0.0604914967450844
0.0121971312129421
-0.0828531618222984
0.0933491455452052
-0.0416868858329927
-0.0320443700133139
-0.0950473100975904
-0.0828614937801269
0.00972976629243616
-0.0458501451433995
-0.0457551264445644
-0.0217142210690967
-0.0262169520579805
-0.00947241624334649
-0.00350609125413381
0.00623419933492775
-0.0268503211324089
0.00863609071515792
-0.0267005893431491
-0.0828614937801269
-0.0209975743516246
-0.0244430483100602
-0.0293027702757701
-0.0287204175986809
0.0387667797442509
0.0223904857456187
-0.00368405473396061
-0.0259173031860161
0.00946784570548453
