-0.148104262472472
-0.0405821533496759
0.0145911219819518
0.0868179616878142
-0.0337351794108871
0.119045350217801
0.205872128858061
0.220680263862986
0.229095486920857
0.074609863329734
-0.0204691403686754
-0.0651703108286272
0.0166306023495497
0.186964694582362
0.00766135936948387
-0.0355359019623382
-0.0352689128258037
0.000337913778320709
0.0384535150744533
0.0714999197922787
0.0103476915850935
0.0117372559348288
0.151140094855675
0.229229742396468
0.15605773777735
0.0643517385455969
-0.00532880808869418
0.120316372762604
0.163260817080726
0.0339471136097459
0.016808910109707
0.124304271224651
0.329950068190385
0.321094034745761
0.0783829905147496
-0.107321714680534
-0.108652888140349
-0.00409837580619843
-0.00567265767556702
-0.0173191820859273
-0.0100344580480748
0.0494677333266433
0.0538450096897228
0.0178907714115788
0.0325291804802603
0.0838850944994787
0.0853669056160877
-0.0605057943423296
-0.173793133678908
-0.153107927128218
-0.024411119484997
0.0830124749908799
0.148195514591064
-0.0505027390457933
-0.080167313709497
-0.073097988785409
0.042750175810741
-0.00767529195429614
0.0511933066166121
-0.00767529195429614
-0.0238982755830606
0.0473360310163939
0.10308227732114
-0.0577397831290535
0.0346009260287197
0.055851728756454
0.0259226276523975
-0.0327240718118265
-0.0268200171977244
0.0449769992774591
0.0955298122912256
0.0580171563999307
0.0456937476993393
0.117129915697591
0.0805193652759863
0.0206810094874069
0.0102436895276062
0.0472118921863502
0.0550837934439218
0.0788335583673342
0.0730089162650444
0.0567311886892951
-0.0020797175069505
-0.0499730106447777
-0.071817946182728
-0.0989529343868926
-0.027186737074103
0.0722430793591185
0.049067030091775
-0.0961055833998567
-0.158982208959736
0.213341348695373
0.0751997850562551
0.0515776213244271
0.0216986548193555
-0.0121284166980055
0.0385691871286194
0.0773612261518507
0.0625314910765619
0.029556973188981
0.0488643634692987
0.024558364878773
-0.0226675437045817
-0.0332590111279619
0.0764208276284136
0.458382524998873
0.372104446113817
0.178831794626373
-0.0491941662086288
-0.208859270779968
-0.0493583503267293
-0.143575869485601
-0.166021663244122
0.163709627819638
0.0342818992621907
-0.0356092117235258
0.0916128306926314
0.0926445831099909
-0.0615011488849862
0.00837039645571189
-0.0757104375068925
-0.177847189151069
-0.00767529195429614
-0.00767529195429614
-0.0994737371866084
-0.00767529195429614
-0.1085931365843
-0.0748440891744089
-0.112818161301008
-0.112818161301008
-0.0238680323588207
-0.134323336734722
-0.0478314825474058
-0.19774365206751
-0.216127728757728
-0.200454884853274
-0.145002701236046
-0.188538623017439
-0.19774365206751
0.0258723111209203
-0.225589727579616
-0.232080087650593
-0.00772381851676291
-0.0327240718118265
-0.12649243758999
-0.0240163737248666
-0.00956755399523804
-0.19625017508758
-0.141674391233617
-0.119079331148746
-0.19625017508758
-0.0405821533496759
-0.0652967277560786
-0.0652967277560786
-0.232080087650593
-0.0082648527986551
-0.141674391233617
-0.132485156850736
-0.132485156850736
0.491034199407534
-0.00566747572601511
-0.134323336734722
-0.0240163737248666
-0.00875354863768299
-0.19625017508758
-0.12649243758999
-0.132485156850736
0.144655717012336
1.08616692280061
0.0342721113903802
0.0539239924602877
0.0541412237014225
0.0498024433076015
0.0498024433076015
0.261427405497586
-0.0268027375643385
0.0321194235436485
0.0825309599816987
-0.00566747572601511
0.491034199407534
0.996885473957223
0.996885473957223
0.588189960262715
0.907766429263698
0.77097181669703
0.502321908013229
0.77097181669703
0.490220813123773
0.818542119980723
-0.0240163737248666
0.0321194235436485
0.0825309599816987
0.314456024374296
0.360706468123719
0.334431750293568
0.490220813123773
0.00901155892874408
0.827108135447021
0.314456024374296
0.213341348695373
0.334431750293568
0.233493814981717
0.00752944276702763
0.233493814981717
-0.00449556559164516
0.233493814981717
0.818542119980723
1.01657688466816
0.0682568723182573
1.01657688466816
0.0858330758634858
0.239373664471868
-0.255633952619146
0.827108135447021
-0.255633952619146
0.682877710466676
0.827108135447021
0.720828905015532
0.00752944276702763
0.0926445831099909
0.0884214541383036
0.154218269532914
0.0864792103036965
0.137747514932309
-0.0356092117235258
0.154218269532914
0.0648151781789767
0.0762402001421923
0.0334857286584282
0.0515776213244271
0.0515776213244271
0.137747514932309
0.0677133093485482
0.055851728756454
0.0564554605460142
0.0259226276523975
-0.0185340708329883
-0.173613458328378
-0.0867485191893402
-0.184706364536873
-0.185675876838703
-0.080167313709497
-0.185675876838703
-0.061550204712314
-0.0268200171977244
-0.0577397831290535
0.00242804307249604
-0.0555269780808551
-0.0555455987563826
-0.0807603043079833
-0.00244980510535858
-0.032939241741382
-0.0555455987563826
0.0220047780948532
0.0793470536168456
-0.0675086252085969
-0.0593054999644732
0.0220047780948532
-0.0488689270422566
0.0220047780948532
-0.0884253988748045
-0.00772414770390335
-0.0383192419194759
0.0449769992774591
-0.0555269780808551
-0.0807603043079833
-0.0370878838059386
0.00214940096913568
-0.0370878838059386
-0.0370878838059386
0.0314124107177305
0.0155660828269766
0.00897185384886687
-0.00772414770390335
0.0190539784101531
0.00523412781485851
0.0348826871765571
0.0293725357043926
0.0314124107177305
-0.0345025957225034
-0.0370878838059386
-0.123663104343302
0.0217470294949718
-0.0341111784354517
-0.0312393471483413
-0.0588410015751606
-0.137688265025675
0.0593864223976904
-0.0341111784354517
-0.0867918160176606
-0.111830924994738
-0.154888555353398
-0.137688265025675
0.0361657674006503
-0.0674037116824265
0.0247314270143698
-0.281420735345345
-0.158314133415867
0.0217470294949718
0.00626019092601581
-0.112802706519738
-0.0657813111847311
-0.154888555353398
-0.214446319914517
-0.105777894747641
-0.00161243727142041
0.0293725357043926
-0.350217246336231
0.104975875867115
0.0904079898524197
0.0198995515037075
-0.214446319914517
0.104975875867115
0.000270663682852362
-0.136151119271611
-0.263598588780529
-0.401345409170618
-0.429679156931026
-0.248908676643593
-0.281420735345345
-0.401345409170618
-0.248908676643593
-0.449970307240751
-0.105777894747641
-0.0649167473096455
-0.401345409170618
-0.00155642499096256
-0.178786680079432
-0.0719619859906623
0.119817293469831
0.0456937476993393
0.00897185384886687
0.0567631579890112
-0.00772414770390335
-0.0588410015751606
-0.112802706519738
-0.135006008945782
-0.135006008945782
-0.135006008945782
-0.0675086252085969
-0.122780288117819
-0.108418216804635
-0.111830924994738
-0.158314133415867
0.0904079898524197
0.0348826871765571
-0.154888555353398
-0.404163783478076
-0.024694664979312
-0.0593309314104625
-0.279690570133586
-0.404163783478076
-0.130283846439905
-0.124635794297657
-0.0649167473096455
0.0441468394178042
-0.00155642499096256
0.0685602173054976
-0.00155642499096256
0.0456937476993393
0.0567631579890112
0.0652737865090831
0.0502226218936318
-0.0804460878606501
-0.103134015392997
-0.025016442460748
-0.0334858812235788
0.0190539784101531
-0.154143051623789
-0.350217246336231
-0.199042332888452
-0.024694664979312
0.150837366874205
-0.0704762768706556
-0.177632769329784
0.0198995515037075
-0.116665196852578
-0.0867918160176606
-0.0657813111847311
0.284376155801263
0.0090867396233705
-0.193432125599002
0.254717929221708
-0.0704762768706556
-0.0704762768706556
0.187045740306614
0.101405370174976
0.0917410808442417
0.0598625207626711
0.101405370174976
0.110343186533293
0.152053014981104
0.187045740306614
0.0974829162885401
-0.259978962677655
-0.338880630847659
-0.130283846439905
0.248737389158311
-0.0285809116712527
0.000929850416039241
0.0847661643825427
-0.0334858812235788
0.523048964732846
0.0247314270143698
-0.193432125599002
-0.107122083226968
0.0247314270143698
-0.024694664979312
0.354816082046327
0.110343186533293
0.0136580764488659
-0.177632769329784
-0.0131390221095607
-0.124635794297657
0.248737389158311
0.245789809738359
0.322795996757895
-0.138055524983442
-0.190832414900388
-0.138055524983442
-0.116665196852578
-0.0934773966934049
0.0847661643825427
-0.00780762244850564
0.171350575311039
0.544135586087413
0.622204693231166
0.0200279622339752
0.0592485217459706
0.133595421345202
0.246136504224736
0.405169133566724
0.246136504224736
0.246136504224736
0.354816082046327
0.463175784766622
0.447058102135891
0.405169133566724
0.412014448437217
0.578810512799879
0.191295785125141
-0.024694664979312
-0.0090796835515824
0.664185889131954
0.354816082046327
0.151004081315675
0.245789809738359
0.149676874752859
-0.0285809116712527
-0.0576799155391833
-0.025016442460748
0.334315263223431
0.287229371781982
0.0974829162885401
0.152053014981104
-0.0131390221095607
0.133595421345202
0.380521465688052
0.220275606099101
0.166422513120105
0.380521465688052
0.166422513120105
0.561533661344803
0.264707163477157
0.264707163477157
0.309126990301951
0.309126990301951
0.552511113838064
0.322795996757895
-0.0285809116712527
-0.190832414900388
-0.0482958592856538
-0.244988019315738
0.299428550890462
-0.226659751996015
-0.0576799155391833
0.0100977235835014
-0.0185340708329883
0.249840101275071
0.0100977235835014
-0.0724507945206514
-0.0482958592856538
-0.0238982755830606
-0.153178921355556
0.284376155801263
0.523048964732846
0.471379010455422
0.621998586126292
0.25349980767191
0.64476492679537
0.621998586126292
0.297799681026345
0.25349980767191
0.297799681026345
-0.00780762244850564
0.255602167395484
0.151915873947934
-0.326992701497647
0.315271357017235
-0.167234010484281
0.331336615294074
0.0649268222401196
0.0439999983779623
-0.0242360192712087
0.0378648072338407
0.649723811537972
0.649723811537972
0.282702243488081
0.280466766855809
0.211177308759871
0.173556517444368
-0.0482958592856538
-0.0724507945206514
-0.188538623017439
-0.23474253844629
-0.23474253844629
-0.23474253844629
0.0174281539197075
0.252266577305566
0.0174281539197075
0.0308364831034087
-0.200454884853274
0.763067359937298
0.559113990011218
0.315271357017235
0.151915873947934
-0.035416307872753
0.111607957832732
0.151915873947934
0.247275402315044
0.0401544260059991
0.0401544260059991
-4.7469105488307e-05
-0.231523550688673
0.111607957832732
-0.0615054008150982
0.111607957832732
-0.00527492525109141
0.0723651043252042
-0.160156843660241
0.0401544260059991
-0.190284838002301
-0.160156843660241
-0.00527492525109141
-0.160156843660241
-0.242441022561221
0.693348869372455
-0.000428393907021513
0.0204281625073853
0.0200279622339752
0.00111919111395505
-0.0644078367000809
0.0359696765874175
0.00463487113156519
-0.00496674343632748
-0.01058036947301
-0.000662593821524324
-0.0443682680335974
0.0894380354694078
0.0894380354694078
0.0894380354694078
-0.0542121058799587
-0.167234010484281
0.218615376725526
0.214726009656388
0.325155945266111
-0.147600187360824
-0.167234010484281
-0.244988019315738
0.750446278412084
0.321255998755723
0.750446278412084
0.559113990011218
0.322596482090265
0.212177269339518
-0.0768713857836798
-0.326992701497647
-0.389036780864683
-0.247034653719901
0.232351493546699
-0.190284838002301
-0.371247153076492
-0.190284838002301
-0.302900272876871
-0.00402254115114076
0.331336615294074
0.331336615294074
0.463175784766622
0.00463487113156519
-0.0332979081593702
-0.0318038422108114
-0.0228525804355686
-0.0228525804355686
-0.0621536996969692
0.00482345620734612
-0.0228525804355686
-0.0166578742195783
-0.0644078367000809
-0.00502500158757872
-0.0332979081593702
0.00463487113156519
-0.0586143713545088
-0.0586143713545088
0.020916306979904
0.0431459824604381
0.0439999983779623
-0.00297119622457553
0.0259682930662589
-0.00502500158757872
0.0608283676760751
-0.207373475799889
0.110485034069561
0.211177308759871
0.325155945266111
0.315505291497515
0.315505291497515
0.176086318195227
0.64476492679537
0.322596482090265
0.114133459767866
-0.326992701497647
-0.267369429914187
-0.0615054008150982
-0.247034653719901
-0.405597269461926
-0.383746607776071
-0.195062402718938
0.150125071728653
-0.379704254917016
-0.0061455662858048
-0.0235124530518811
-0.0617276503043882
-0.0607792400396462
-0.0823364940909023
0.020916306979904
-0.0020797175069505
-0.0235124530518811
0.0377520030456209
-0.014890879687623
-0.019898408453525
0.128294428279386
-0.147600187360824
-0.135511295715714
0.552511113838064
0.322596482090265
0.74402412539966
0.74402412539966
0.321255998755723
0.212177269339518
-0.15748573087516
-0.0093933776136364
-0.195062402718938
0.0348370780835533
-0.00527492525109141
0.264482301954786
0.128600001179974
0.0798838211569277
0.232351493546699
0.289967126605966
0.150125071728653
0.289967126605966
0.00272733500668401
-0.0632482113462335
-0.01447559840777
0.0140386366546708
-0.102506048764355
-0.0823364940909023
0.0662478479418047
0.0662478479418047
0.0377520030456209
-0.0587695238864029
0.0701981111435135
0.0701981111435135
-0.158875442540677
-0.207373475799889
-0.158875442540677
-0.0072084182398971
-0.207373475799889
-0.202368776077943
-0.267959926261913
0.151004081315675
0.307539229832648
0.177130954199889
-0.267959926261913
-0.106155164203559
-0.155254358833956
-0.019898408453525
-0.0443682680335974
0.0446815307893076
0.136105006457441
0.136105006457441
-0.0467295856926244
0.176086318195227
-0.381959661630349
-0.307304361492947
-0.389036780864683
-0.405597269461926
-0.239392431423155
-0.239392431423155
-4.7469105488307e-05
-0.15748573087516
-0.168544054254331
0.322596482090265
-0.0093933776136364
0.139575773769559
0.282702243488081
-0.0093933776136364
-0.109008957628856
-0.109008957628856
0.265178967841247
0.0682794959825658
0.00272733500668401
-0.0061455662858048
0.0301488337045245
0.0229012528192931
0.0238125393847526
0.00336599744103557
0.0253410230677625
0.0550837934439218
0.0550837934439218
-0.0823364940909023
0.00482345620734612
0.0913925411391895
0.26151182908262
-0.204845654286055
0.0446815307893076
0.15366103628491
0.136105006457441
0.0308364831034087
0.0258723111209203
0.128294428279386
-0.135511295715714
0.264482301954786
0.0455699166793659
-0.12367230041737
0.195040321126291
0.0377520030456209
0.0301488337045245
0.0229012528192931
0.00111919111395505
-0.000662593821524324
0.059307565628251
0.54411455164869
0.100506199239768
0.100506199239768
-0.014890879687623
0.259244785465366
0.167088727753908
0.26151182908262
-0.155254358833956
0.0409115820293876
0.0888429782330801
-0.0734081560211974
-0.155254358833956
0.189247265105498
0.265178967841247
0.0864908138866585
-0.239392431423155
-0.0446732109084046
0.232351493546699
0.289967126605966
0.236688287031421
0.236688287031421
0.163850196826525
0.236688287031421
0.254942131730041
0.193156364192664
0.244072978257192
-0.0864424064090485
0.0790766687085923
0.0867912268759078
0.127692485134119
-0.116288492823942
0.144303803167749
0.0112719187635006
0.120848769531611
0.0790766687085923
0.101185849864021
-0.00644669993934599
0.101185849864021
0.144303803167749
0.120848769531611
-0.0864424064090485
0.104035479362408
0.077064435956222
0.0387909574829087
-0.0061455662858048
0.0685602173054976
0.00336599744103557
0.0379772710402596
0.059307565628251
0.0361248918714231
0.134780425119625
0.059307565628251
0.528813504183072
0.167088727753908
0.273960170546281
0.295636096826593
0.0462758517080008
0.290074674216471
0.290074674216471
0.193571683468509
0.233398556369695
0.198455769710276
0.163753516959577
0.0992757407272206
0.0888429782330801
-0.323203728778965
-0.0119190597878602
0.186625624079502
0.0446815307893076
0.0827773914000802
0.0455699166793659
0.128196630354781
-0.069652940953668
0.127692485134119
-0.106609861735833
-0.0864424064090485
0.0805464367482198
0.0498952956136356
0.154261219194094
0.117504466639827
0.528813504183072
0.259244785465366
0.289881116730682
0.130407900379932
0.0585694260952037
0.0496929596468176
0.0496929596468176
0.107711844958916
-0.0164540171714195
0.0585694260952037
0.0859767820747007
0.0150350884843199
0.189247265105498
0.198455769710276
-0.346017829700117
-0.171139227836276
-0.491852513359413
-0.329019383253558
-0.329019383253558
-0.323203728778965
-0.451014567525248
-0.323203728778965
-0.597287911027014
0.750693184073579
0.664606940912182
0.521986827007053
0.174713386215049
0.128196630354781
-0.12367230041737
-0.0403501762975474
0.254942131730041
-0.0864131417451766
-0.116288492823942
-0.140299108393456
-0.108303373061291
-0.0972185353059195
-0.0972185353059195
-0.118266447756471
-0.0627260814455374
-0.0987075828318572
-0.118266447756471
0.0515097420906289
0.0912960472826809
0.0840076844180118
0.0892213181302302
0.0553088913436366
0.112346025751471
0.0387909574829087
0.0553088913436366
0.186666585724811
0.112346025751471
0.073100204047566
0.154261219194094
0.154261219194094
0.0228525617943182
0.0580979079527958
-0.0607790287193144
0.0161375057861429
-0.217851852481168
-0.694609693349185
-0.485284597673669
-0.485284597673669
0.54411455164869
0.52828659961064
0.174713386215049
0.15366103628491
-0.0446732109084046
-0.202719750566509
0.0725207900398803
-0.103101818939225
-0.0814844314688825
-0.100642599843653
-0.103101818939225
0.0463785681196878
0.0463785681196878
0.0613826198122397
0.00377545786596101
0.0725207900398803
0.00420461237084957
-0.0398433252837728
-0.106609861735833
-0.106609861735833
0.184372038424174
-0.0737772687179815
0.0628424896748782
-0.0959920837850332
0.0112719187635006
-0.0490604727361658
0.0417690422258439
-0.0627260814455374
0.229119845038612
0.0805464367482198
-0.0987075828318572
0.0480607817314361
-0.0627260814455374
0.0643517385455969
0.15605773777735
0.179729823609861
0.0442648912890273
-0.00373545081709403
0.0482197867096574
0.030838418865777
0.0859767820747007
0.0859767820747007
-0.024003547078956
0.0333934876686976
-0.0260309766454201
0.0242213289237546
0.0580979079527958
-0.0173684221038194
0.107711844958916
-0.0607790287193144
0.0462758517080008
-0.0811359764693262
-0.0811359764693262
-0.0754518538861844
0.0496929596468176
0.00168772275605514
-0.0218511575489509
0.00168772275605514
0.00828687488515509
-0.217851852481168
0.196281971339468
-0.721744966307533
-0.597287911027014
-0.459795866466415
0.521986827007053
0.52828659961064
0.663223317857284
0.664606940912182
0.0725207900398803
-0.0398433252837728
-0.0540586311553084
0.0277633950524442
0.00420461237084957
-0.0908954287400824
0.184372038424174
-0.0490604727361658
0.0641555623722011
0.0417690422258439
0.106085193100599
-0.00876944447561956
-0.105367363255903
-0.105367363255903
0.106085193100599
0.0405016075442471
-0.0495969460956693
-0.0495969460956693
-0.225709247676392
-0.218556420607424
-0.215821141195741
0.0405016075442471
0.0405016075442471
-0.112611989748461
-0.126931810256018
0.0912960472826809
0.151140094855675
0.0663424257127282
0.0553088913436366
0.179729823609861
0.120316372762604
0.179729823609861
-0.024003547078956
-0.022992672182483
-0.022992672182483
0.0313805665897582
0.0136580764488659
-0.00297119622457553
-0.22654606749265
0.0158504329294192
-0.346017829700117
-0.224110227711752
-0.413837457258984
-0.404868599273695
-0.404868599273695
-0.459795866466415
-0.404868599273695
-0.213414385396075
-0.172448740691843
-0.0485535806732008
-0.186471758409902
0.108529613220111
-0.204845654286055
0.173914032389304
0.196281971339468
-0.0734081560211974
0.108529613220111
-0.0838267755366897
0.486182141196308
0.196281971339468
0.00766135936948387
0.462915929314664
0.00766135936948387
-0.597287911027014
-0.59088348641374
-0.59088348641374
-0.0260618437055217
0.136321903733634
-0.118250911154257
-0.0768973806996998
0.184372038424174
0.184372038424174
0.0682591678479728
0.185262608356924
0.134429954927202
0.186076757664215
0.101139831621456
0.185607838412571
0.0110081824362205
0.185607838412571
0.15222684862786
0.2286475591562
0.0682591678479728
0.0805874376348457
0.0682591678479728
0.185262608356924
0.174684572824109
0.15222684862786
0.113154038469852
0.0582719510985076
0.0684685132318379
0.0394267951575573
0.0582719510985076
0.0362755006614374
0.162722986151668
0.0888205544162199
-0.0268546932249552
0.0827000371886957
0.0394267951575573
0.0362755006614374
-0.0231489266219918
0.16574204055429
0.104035479362408
0.106085193100599
0.0641555623722011
0.186666585724811
0.016972866139755
0.147400448974209
0.261160215803393
-0.0141959582300782
0.261160215803393
0.186666585724811
-0.168123409092603
0.0177800539692204
0.0480607817314361
-0.0785610092303649
0.0117372559348288
-0.139291816434335
0.00491662341168242
-0.0540586311553084
0.306570694555838
0.073100204047566
-0.0173684221038194
-0.0849690956172182
0.0158504329294192
0.00217864407490015
-0.0989529343868926
-0.413837457258984
0.000337913778320709
-0.118580969308545
-0.172448740691843
-0.118580969308545
0.00420461237084957
0.0277633950524442
0.0996485638738981
0.136321903733634
0.0972622429553583
0.185737778693792
0.0682794959825658
-0.0959920837850332
-0.106874958632711
-0.135143210996912
-0.105367363255903
-0.0768973806996998
0.16574204055429
0.0430172229318646
0.011075654304725
0.0445248224175259
-0.0445083229546515
0.232382780758233
0.232382780758233
0.162722986151668
0.0254759819001499
-0.0231489266219918
-0.0990285790165995
-0.114696631762443
-0.197517701864155
0.242327274867855
-0.215821141195741
-0.112611989748461
-0.118250911154257
-0.112611989748461
-0.118250911154257
-0.0230503284120143
-0.0777604927988604
-0.0849690956172182
0.119333763275225
-0.0526892794689379
0.0430172229318646
0.0419806796632782
0.0270354782829788
0.0133136612382737
0.232382780758233
0.172991685248758
0.169437505191125
-0.220958096447919
0.0445248224175259
0.0862658301754217
0.200213598686372
-0.101770316689534
0.18328788019254
0.0862658301754217
0.0237178294535697
0.129732202007524
0.039623027797541
-0.0764438931569209
0.097200820581446
0.0422842531784995
0.165021797091653
0.0265587713097255
0.159672670652152
0.097200820581446
0.178836945763084
0.178836945763084
0.103150173613751
0.129732202007524
0.0712708189705877
-0.109933772553055
-0.109933772553055
-0.207256611453117
-0.0985949979047456
-0.043972507614406
-0.14634739523561
-0.197517701864155
-0.144464528359791
-0.064949674535971
-0.043972507614406
-0.218556420607424
0.242327274867855
0.218726694049827
0.324789776510163
0.218726694049827
0.218726694049827
0.122401784608127
0.0339471136097459
0.0891205076275062
0.0891205076275062
0.0532964132642232
-0.0135222739057885
-0.0869618320699003
-0.225709247676392
-0.126931810256018
-0.0740364196710923
-0.0540586311553084
-0.0785610092303649
-0.0708431737014588
-0.104338578812429
-0.139291816434335
0.0111890652516513
-0.139291816434335
0.0103476915850935
-0.0675919324018865
0.135915060931245
0.108447046242102
0.135915060931245
0.00444872003112429
0.090886903576596
0.0342458999931213
-0.0708431737014588
-0.0602162756511698
0.00444872003112429
-0.106760114519692
0.0419806796632782
0.0133136612382737
0.0539239924602877
0.0312131417494187
-0.00875354863768299
0.174684572824109
0.011075654304725
0.032701905781692
-0.162294255836543
0.0265587713097255
0.0712708189705877
-0.0235348795620069
-0.0674631961758388
0.103150173613751
0.0177800539692204
-0.0722310132145204
-0.0722310132145204
-0.112716665918143
-0.0989966421271151
-0.0674631961758388
-0.0329011628135994
-0.0652606273460599
-0.0211752334715565
-0.103745671635875
-0.112716665918143
0.0206244655067797
-0.00654245221071703
0.0841342578519473
0.0532964132642232
-0.0329011628135994
-0.22976749116009
0.229189863907638
-0.365218871047567
0.0841342578519473
-0.346055818804927
0.0841342578519473
0.293673098372265
-0.225589727579616
-0.109933772553055
-0.207256611453117
-0.19638653055342
-0.0985949979047456
-0.0211139119205669
-0.197517701864155
0.0518653088436974
-0.0445083229546515
0.00625899017232612
-0.0230503284120143
0.0111890652516513
0.0996485638738981
0.0714999197922787
0.0198049666564382
-0.327830647989349
-0.0526892794689379
-0.297119445276866
0.0237178294535697
0.032701905781692
-0.223342080793565
0.0827000371886957
0.0374755063560646
-0.0456874963197056
-0.0211139119205669
-0.0180883508753613
-0.0764438931569209
-0.0764438931569209
0.192248586003057
-0.0211752334715565
-0.0474646498622492
-0.232230595783473
-0.232230595783473
-0.00401794937755662
-0.365218871047567
0.115971513741893
-0.0696379234038979
0.115971513741893
0.184837218919642
-0.0696379234038979
-0.00856474799537144
0.478194643905296
0.016808910109707
-0.184706364536873
-0.132147558668239
-0.162129590166141
-0.0505027390457933
0.10421537375273
-0.207982590128333
-0.207982590128333
-0.0985949979047456
-0.114696631762443
-0.161225142539996
-0.234619659482769
-0.0675919324018865
-0.0260618437055217
-0.0260618437055217
0.0342458999931213
-0.208106446853871
-0.47877986536084
-0.559013792962216
-0.297119445276866
-0.204228312736511
-0.0703668626271334
0.213520939292231
-0.117586136960735
0.00831629833676162
0.478194643905296
0.293673098372265
0.377522334269007
0.254156079956014
0.577693268954127
-0.132147558668239
0.0386310856275976
-0.418594218239334
-0.297119445276866
-0.47877986536084
-0.623609457032531
-0.59088348641374
-0.344190988563977
-0.327830647989349
-0.371247153076492
-0.0945055983363701
-0.416608087549652
-0.416608087549652
-0.416608087549652
-0.0347044777742023
-0.161225142539996
-0.204228312736511
-0.204228312736511
-0.265550891186425
-0.259639775799353
-0.108159986704709
-0.265550891186425
-0.108159986704709
-0.239421106018692
0.0830124749908799
-0.265550891186425
-0.239421106018692
-0.0456874963197056
-0.0696379234038979
0.0548718820322329
-0.227861517097678
-0.346055818804927
-0.379609042644656
0.00831629833676162
-0.00654245221071703
0.00831629833676162
0.445924992898645
-0.344190988563977
-0.35959646696413
-0.168544054254331
-0.204240833672689
-0.230416200080048
-0.171242751775676
-0.117047641048725
0.207902345025988
-0.0100344580480748
-0.357561482045378
-0.227861517097678
-0.0842723698833802
-0.324353742309378
-0.077513455701042
0.336471481302361
-0.379609042644656
-0.077513455701042
-0.0380429532568696
0.336471481302361
0.119739916932138
0.485692496853148
-0.0243033548547278
0.485692496853148
-0.0527689877014487
-0.0527689877014487
0.321094034745761
0.217567504260188
0.221104601667872
0.577693268954127
-0.215123850703219
-0.0523698821743084
0.213520939292231
0.148414480253779
-0.0528098677198731
0.0425090360032541
-0.0406487389990312
0.136789620353117
0.0684496879233729
-0.0285356052360787
0.148414480253779
0.0701368073758489
-0.040061275645749
-0.108652888140349
-0.0243033548547278
-0.0088102840692017
-0.107321714680534
0.221104601667872
-0.230416200080048
-0.204240833672689
-0.104894735700983
0.00184944149489297
-0.0523698821743084
-0.119364244149422
-0.119364244149422
-0.18646583912936
-0.103098101509485
0.0647258008338462
-0.044367450997266
0.0493866313994111
-0.044367450997266
-0.18646583912936
-0.220958096447919
0.0425090360032541
0.0684496879233729
0.207902345025988
-0.0380429532568696
-0.193309422534326
-0.193309422534326
-0.173793133678908
-0.178596848917983
-0.201397291829259
-0.0609229489352658
0.0659692624027954
-0.130111138381122
-0.160559584966334
-0.0334379653053031
-0.0181120622707307
0.0830288700891237
0.101316867811404
0.0659692624027954
0.0570721327800121
-0.100529211492988
-0.119364244149422
-0.201397291829259
-0.171242751775676
0.0701368073758489
0.0570721327800121
-0.0893033351083218
-0.178596848917983
-0.0195709537394033
0.0830288700891237
-0.051462420949713
-0.0489409857699046
-0.0421607951593731
-0.0370173968778969
-0.0195709537394033
0.0551908373727119
-0.119138485437749
0.0286252203095191
0.0286252203095191
-0.126553976075105
-0.0421607951593731
-0.0975522801566931
-0.0370892497442566
0.0488983139509952
-0.126553976075105
-0.0208974549244224
0.0286252203095191
-0.0609229489352658
-0.0421607951593731
-0.0217268510813847
-0.0334379653053031
-0.071984181893834
-0.0370173968778969
-0.0296925097387102
-0.0255321649573609
-0.0255321649573609
-0.100529211492988
-0.100529211492988
-0.119138485437749
-0.0489409857699046
-0.0217268510813847
-0.0366293808700389
-0.160559584966334
0.0433152691036537
-0.0893033351083218
-0.0975522801566931
-0.160559584966334
-0.158323233253011
0.0433152691036537
0.188540278727208
-0.0430342000689018
0.188540278727208
0.192248586003057
0.188540278727208
0.110751521435311
0.178836945763084
0.0606210520260824
0.0548718820322329
-0.071984181893834
0.0220655208277853
0.0488983139509952
0.0433152691036537
0.159672670652152
0.0606210520260824
-0.0757104375068925
0.144655717012336
0.108808903220923
0.00837039645571189
-0.0915720416292666
0.230107584655089
-0.158982208959736
-0.210812688705721
0.0858330758634858
-0.199959810180185
0.114204646513834
0.0858330758634858
-0.232870374568127
-0.103969063666086
-0.255633952619146
-0.210812688705721
-0.204669879126346
0.181206311521689
-0.199959810180185
-0.22654606749265
-0.209724912318505
-0.0915983199357474
-0.209724912318505
-0.0917472396423134
-0.0915983199357474
-0.0925559270313881
-0.232870374568127
0.181206311521689
0.650431400208272
-0.0783605951627699
0.049067030091775
0.049067030091775
0.0814371252478491
-0.0592268378795215
-0.168435066766447
-0.0925559270313881
0.116433894959691
0.453017635544153
0.556692251751111
0.86074815754022
-0.0961055833998567
-0.0915983199357474
0.0769274629363101
-0.137933098790752
0.136614841990613
0.0771827179615853
-0.13464847264101
-0.00225808831257179
0.916423702517352
0.86074815754022
0.866198976562159
0.0305373343475885
0.0233643382246491
-0.13464847264101
-0.00225808831257179
0.666230945017943
0.556692251751111
0.556692251751111
0.937132802971817
0.949484098019863
0.720512303422546
0.937132802971817
0.474169593326788
0.805992578885399
0.866198976562159
0.59116866373377
-0.00261859015027388
0.0814371252478491
0.0771827179615853
0.0397386227085456
0.0305373343475885
0.0233643382246491
-0.137933098790752
-0.00261859015027388
0.00828687488515509
0.0397386227085456
-0.0218511575489509
-0.137933098790752
-0.053760675962802
0.0420145869813077
0.0420145869813077
-0.161337445076408
-0.0264255312353127
0.59116866373377
0.916423702517352
0.220680263862986
0.186953371697348
-0.0264255312353127
0.190075882705199
0.222603949550291
0.0420145869813077
0.666569948233276
0.205872128858061
0.515605833817707
0.57072649220947
0.289881116730682
0.220105197809883
0.396189394604964
0.340388022712448
0.515605833817707
0.00727625057195858
0.396189394604964
0.30731746725034
0.668183659415408
0.337055161291747
0.899577037681315
0.21712600411447
0.199379427914832
0.199379427914832
0.171942340853189
0.396189394604964
0.169348751642038
0.526596342158416
0.899577037681315
0.365658292966948
-0.0337351794108871
0.365658292966948
0.21712600411447
0.73739596469771
0.8204966252574
0.8204966252574
0.0578553347683551
0.340388022712448
0.337055161291747
0.0559511627886313
0.0559511627886313
-0.0707451528282362
0.0559511627886313
0.340388022712448
0.074609863329734
0.145181056401665
0.555953986251826
0.171942340853189
0.213030672652859
0.376657292653258
0.169172341343027
0.30731746725034
0.0578553347683551
0.0166306023495497
0.0578553347683551
-0.0236063885053587
0.0762402001421923
0.0864792103036965
-0.080167313709497
0.0684508066078643
0.0684508066078643
-0.0593054999644732
-0.061550204712314
0.0161851522151498
-0.032939241741382
0.0415278317526871
0.10308227732114
0.10308227732114
0.103223890297603
0.00523412781485851
-0.0345025957225034
0.00626019092601581
0.0212951623914647
0.0955610986533057
0.0955899570828535
0.0955899570828535
-0.279690570133586
-0.261242620566525
-0.193432125599002
-0.199042332888452
0.033398968680767
0.544135586087413
0.0439999983779623
0.136564973529288
0.177130954199889
-0.3766748923342
-0.103299159515262
-0.0287853574165241
-0.022992672182483
-0.0352639048169759
0.018959943235287
0.0361248918714231
0.0299809375726094
0.0379772710402596
-0.0175886010468108
-0.0175886010468108
-0.0352639048169759
0.528813504183072
0.0378648072338407
-0.267369429914187
0.0228525617943182
0.324789776510163
0.0592485217459706
0.130094537858126
0.11486706616687
-0.176431238916144
-0.0838267755366897
-0.0838267755366897
-0.176431238916144
-0.176431238916144
0.0673213846725732
0.618234249775544
0.486182141196308
0.618234249775544
0.165402333969349
0.185737778693792
-0.0908954287400824
0.0388773454416835
0.0388773454416835
0.00431836385312762
0.0888205544162199
-0.0173858745475545
-0.0951226147342628
-0.0201730387053923
0.0684685132318379
0.0862658301754217
-0.0467295856926244
-0.0230503284120143
0.0206244655067797
0.0518653088436974
0.122194366432862
0.209414774236551
0.0237178294535697
-0.00694482942532341
-0.0266013126212017
-0.024411119484997
-0.162294255836543
-0.167467747042974
-0.18646583912936
-0.0100344580480748
-0.0266910164747274
-0.0127968026545437
-0.0285356052360787
-0.0478317949638724
-0.117586136960735
-0.0285356052360787
-0.0285356052360787
-0.0536275437347998
-0.0215284224453768
0.0325291804802603
0.0178907714115788
0.01001707396643
0.01001707396643
0.0868179616878142
0.0850257265992121
0.01001707396643
-0.22654606749265
-0.0925559270313881
0.268155463854761
0.805992578885399
0.268155463854761
0.735291598727965
0.735291598727965
0.805992578885399
0.849529238796313
0.220105197809883
0.0378581012632219
0.0378581012632219
0.0281019022766581
-0.0285562204732947
0.0677133093485482
-0.0630483400259906
0.0281019022766581
0.012172286918727
0.163709627819638
-0.0236489536189548
0.00546197433380913
-0.0285562204732947
-0.0427760353241364
0.012172286918727
0.0499926689526877
-0.0561345855062036
-0.0561345855062036
-0.166021663244122
-0.226319574212632
-0.0778235817065702
-0.0236063885053587
-0.0427760353241364
-0.0426199624727922
-0.077750647839078
-0.0919269943777149
-0.0427760353241364
-0.00552077967917924
0.0122922590672539
-0.0778235817065702
-0.0112091888715666
-0.110584334997735
-0.135182477975395
0.0122922590672539
-0.00990690442140668
-0.077750647839078
-0.229245401632229
-0.130034430968677
-0.196124786134859
-0.229245401632229
-0.135070982190913
-0.146963320593962
-0.229245401632229
-0.130034430968677
0.0169894523072159
0.0169894523072159
-0.21802382683494
-0.09321659046292
-0.09321659046292
0.183279821791944
-0.0931078214089766
-0.0460655826001864
0.0262121960555301
-0.0931078214089766
-0.0979019482841866
0.279623088001498
-0.0112944346758315
-0.0486689907232635
-0.135070982190913
0.0577677146683864
0.183279821791944
-0.0224779367876552
-0.232940679667452
-0.0491941662086288
0.25161325291049
0.164770945305253
0.0676577273834134
0.343454341366015
0.25161325291049
0.0971153281395121
0.279623088001498
0.290771677132288
0.0676577273834134
-0.0146218004076549
0.04468442086673
-0.0475550511611681
-0.0475550511611681
-0.0475550511611681
-0.0919269943777149
-0.226319574212632
-0.0493583503267293
0.00878980788193542
-0.0224779367876552
0.458382524998873
0.290771677132288
0.0764208276284136
-0.0102545942316269
0.0282577075086102
0.025763050629811
-0.0486689907232635
0.0325993479120696
0.025763050629811
0.0502226218936318
0.0711344088130055
0.0805193652759863
0.110485034069561
0.0357840471222781
-0.117023015237193
0.0357840471222781
0.190254921368403
0.136564973529288
0.0827773914000802
0.11486706616687
0.130094537858126
0.14538612053741
0.458513535408526
0.186964694582362
0.458513535408526
0.663223317857284
-0.0201730387053923
-0.0467295856926244
-0.024411119484997
0.00331769070919719
0.00331769070919719
-0.0319399927791993
-0.00567265767556702
0.00331769070919719
-0.0842723698833802
-0.181422090259716
-0.324353742309378
-0.117586136960735
-0.0319399927791993
0.0548860091650066
0.0385691871286194
0.034981405668665
-0.014299612822261
0.0677579836148936
0.0104074700629256
0.0104074700629256
-0.0102545942316269
-0.0102545942316269
-0.0226675437045817
-0.0139054795045635
-0.0332590111279619
-0.0146218004076549
-0.0139054795045635
0.0488643634692987
0.663223317857284
-0.00552077967917924
0.0773612261518507
-0.0238680323588207
0.0917410808442417
-0.0814844314688825
0.0796544592435675
0.222367468094304
0.458382524998873
0.372104446113817
0.458382524998873
