0.0156706115896224
-0.217673283180177
-0.206583544667561
0.0917306904144404
0.157775501571171
0.00325865059003561
-0.0391467963222927
-0.00205404429235556
0.0144962578978171
-0.277526117032918
-0.129623931886419
0.0511872539870171
0.215402330583449
0.93707294131746
0.45359524360107
-0.130068217299533
-0.0114715291397638
0.0632599528444214
0.0222455921678115
0.0754955949892235
-0.0103163396901676
0.00911361759390272
0.0896967201947782
0.037377706953351
-0.145984679180636
-0.165207796715945
0.00812950546462077
0.108907304193685
0.18196872821238
0.0491051809913032
-0.184002081955374
-0.173160030265477
0.010773646297932
0.137633960106651
0.234847898129959
0.15300855727249
0.0785922707538431
0.319098898996805
0.225821503762417
0.0621008352187002
-0.114028510139404
-0.213182854725852
-0.132999463061946
-0.119466017498233
-0.0959680323093415
0.00995503377303053
0.0901971929836143
0.00932870366440652
-0.0395798933450981
-0.0177013161444095
0.0203759289873328
0.00238507886021588
0.0198610249526406
-0.0144756623519473
0.0122580100224211
0.0617654304423856
0.0419218743826799
0.0268046412099855
0.0316817146611256
0.0268046412099855
-0.0107349095843631
-0.0304452070883794
-0.0562380811636179
0.0538458221988713
0.0336888397386252
0.024356448262971
0.0396489279549147
0.0336851207771209
0.0142177081549173
-0.014446318239823
-0.0165479577319422
0.00279560614623067
-0.0294244907294363
-0.0714650782583281
-0.0606957818783786
-0.0683370349424456
0.00484494417592407
-0.0406301803406205
-0.0457551264445644
-0.0352504641787945
0.0108033787867852
0.0445634681458658
0.075944277372305
0.116853621269903
0.0353002692540472
0.042494391612252
-0.0212257471147891
0.0229030429540553
0.0944287375392878
0.0815893911753873
-0.0754779301130057
0.515545461365113
0.49507278325987
1.21916808585041
1.33288831640473
0.833778070130381
0.211834734372839
-0.293565446552305
-0.524942055835223
-0.404487038226777
-0.0576112035501195
-0.0388655512304055
-0.152595798278856
-0.0925931246666833
0.0351383710969639
1.12673221918032
0.804312122526013
0.394698430033117
0.306018024391751
0.153454289377439
0.133652433357663
0.136293562483212
-0.037638454114701
0.222041848948205
0.385226498357143
-0.0343148781612379
-0.188487284324327
-0.101518390013051
-0.0263089902599052
-0.0779336803787016
-0.104910968754601
-0.0227650556687686
0.0268046412099855
0.0268046412099855
0.0374013783314499
0.0268046412099855
-0.0299563793936781
0.0139540779366987
0.0601432165435593
0.0601432165435593
0.0448296802470002
0.106688130430407
0.0623197906593438
0.0691929572375534
0.108529589086694
0.0361973622134693
0.0925413684734513
0.0347643863885491
0.0691929572375534
0.0356584892064966
0.0837920408507137
0.114522793537005
0.046658950202419
0.0336851207771209
0.0158869198741771
0.104132846761175
0.041182540962889
0.0390117476501264
-0.121547586276472
0.104561921028465
0.0390117476501264
-0.217673283180177
-0.119140563792585
-0.119140563792585
0.114522793537005
0.0942051876564116
-0.121547586276472
-0.0835308362715261
-0.0835308362715261
0.323514029689847
-0.0118352271602231
0.106688130430407
0.104132846761175
0.125144392451663
0.0390117476501264
0.0158869198741771
-0.0835308362715261
0.0325565182745122
0.571264889762956
0.011888829343527
0.26629491702989
-0.150321266337175
-0.0160374282495228
-0.0160374282495228
0.166116761323958
0.0612354301892125
0.174033546795406
0.0925710363384056
-0.0118352271602231
0.323514029689847
0.777968852906242
0.777968852906242
1.00006622948828
0.551411366419176
0.782167288782945
0.164376870956242
0.782167288782945
0.561377008484002
0.410433431876474
0.104132846761175
0.174033546795406
0.0925710363384056
0.789059165012344
0.366987566154628
0.980113264626898
0.561377008484002
0.0913360275055051
0.340206603281548
0.789059165012344
0.515545461365113
0.980113264626898
1.09950824415314
0.522475189002019
1.09950824415314
0.329855551966594
1.09950824415314
0.410433431876474
0.450985006381625
0.624556536999743
0.450985006381625
0.0684714878246244
0.103697866962853
-0.0677181364347297
0.340206603281548
-0.0677181364347297
-0.00416973636650497
0.340206603281548
0.161306911138361
0.522475189002019
-0.101518390013051
1.25263672306093
1.23931135506658
0.612145696292479
0.887275312026546
-0.0343148781612379
1.23931135506658
0.897572247168135
1.26333427235036
0.599202537740964
1.21916808585041
1.21916808585041
0.887275312026546
0.606023717395551
0.024356448262971
0.035873052954287
0.0396489279549147
0.012435975295383
0.0805801411270453
0.041557270731022
-0.00340661935605868
0.0416867392111611
0.0122580100224211
0.0416867392111611
0.0423219983968387
0.0142177081549173
0.0538458221988713
-0.00781472929815686
0.0814266016467187
0.0344607546236827
0.0787748580831948
0.0326403982387093
-0.00841649229718072
0.0344607546236827
0.0277910795626138
-0.0233729091022827
0.050488363717255
0.040629070237206
0.0277910795626138
0.0466150266984404
0.0277910795626138
0.083348173287157
0.0347994490449221
0.0186895088222408
-0.014446318239823
0.0814266016467187
0.0787748580831948
0.0713958524279509
0.00782430509848431
0.0713958524279509
0.0713958524279509
0.11384962617972
0.0839340598098413
0.0127288433939652
0.0347994490449221
0.0297785495273218
0.138875096919824
-0.00847131512728266
0.0279397209072281
0.11384962617972
0.118071848202008
0.0713958524279509
0.188278676178179
0.0138749910722448
0.181210999767208
0.0591222259196186
0.120855325528645
0.11561467420087
-0.0636409029241508
0.181210999767208
0.151233902518592
0.20487291203714
0.0818263556971623
0.11561467420087
0.0263392359196851
0.198408061385497
0.0240981841945917
0.0935185347148833
0.151867737126136
0.0138749910722448
-0.071090303778389
0.0917043276078137
0.100590055689416
0.0818263556971623
0.0789243081810898
0.0440372355386804
-0.109505040409182
0.0279397209072281
0.0075588242059037
-0.080110521634555
-0.0051289726233133
-0.0446774850932821
0.0789243081810898
-0.080110521634555
-0.131779375779502
0.0812845428940875
0.0687964804990061
0.166509349292454
0.100286866354917
0.0772921884959673
0.0935185347148833
0.166509349292454
0.0772921884959673
0.254324646118112
0.0440372355386804
0.0577389699575271
0.166509349292454
-0.0708632538358299
0.0837603597689496
0.00133187492950243
-0.0385761161415901
-0.0294244907294363
0.0127288433939652
-0.0625632764071217
0.0347994490449221
0.120855325528645
0.0917043276078137
0.0240624957340895
0.0240624957340895
0.0240624957340895
0.050488363717255
0.0570353458333003
0.174565429409072
0.20487291203714
0.151867737126136
-0.0051289726233133
-0.00847131512728266
0.0818263556971623
0.0210591621934749
-0.200816110398124
-0.0925576903481743
-0.115516445246695
0.0210591621934749
0.234449051423837
0.471841192874614
0.0577389699575271
-0.133461267559549
-0.0708632538358299
-0.0998123656893118
-0.0708632538358299
-0.0294244907294363
-0.0625632764071217
-0.0469172878288731
-0.0736775725260273
0.0618281501875504
0.16738319400992
-0.0920339908602994
0.0302026109202637
0.0297785495273218
-0.011551444163367
0.0075588242059037
-0.0809117780687008
-0.200816110398124
-0.16188699126754
0.226074447327811
0.571849944364117
-0.0446774850932821
-0.11430247435688
0.151233902518592
0.100590055689416
-0.249994196640734
-0.0380242147464685
0.0717758641124341
-0.0916046138913607
0.226074447327811
0.226074447327811
-0.0476503186506333
0.0813278956051693
0.262682285481728
-0.0478594943484839
0.0813278956051693
-0.0825524112807935
-0.0828614937801269
-0.0476503186506333
-0.0347807542701699
0.22343009944331
0.444494937602188
0.234449051423837
0.126571976631354
-0.144017767096912
-0.0936527332720946
-0.134797708535421
0.0302026109202637
-0.301594751005732
0.0240981841945917
0.0717758641124341
0.107410690408784
0.0240981841945917
-0.200816110398124
-0.344172269014804
-0.0825524112807935
-0.115701239696468
0.571849944364117
0.73122166101524
0.471841192874614
0.126571976631354
0.0137842474427919
0.139205642833145
-0.19076323689218
-0.0981808039252142
-0.19076323689218
-0.11430247435688
-0.0805808254086701
-0.134797708535421
0.0914747130015868
-0.130277528344811
-0.277583402200436
-0.549675346903568
-0.0333093478763724
-0.0950473100975904
0.477333048231057
-0.149504483619621
-0.46524163854538
-0.149504483619621
-0.149504483619621
-0.344172269014804
-0.380250528362291
-0.704094411499308
-0.46524163854538
-0.643339539375364
-0.674248125341565
-0.204649030152943
-0.200816110398124
-0.109108093241828
-0.682280512783097
-0.344172269014804
-0.202479675217643
0.0137842474427919
0.305674747631664
-0.144017767096912
-0.0225739642640139
-0.0920339908602994
-0.255277047391049
-0.218094588073831
-0.0347807542701699
-0.0828614937801269
0.73122166101524
0.477333048231057
0.331403249579325
0.305219413217847
0.520542469772721
0.331403249579325
0.520542469772721
-0.788750484362674
-0.724056919609939
-0.724056919609939
-0.795226197347102
-0.795226197347102
-0.56474488137839
0.139205642833145
-0.144017767096912
-0.0981808039252142
0.0195341574545309
0.0344480747951161
-0.0337467592724054
0.00278545429694782
-0.0225739642640139
-0.0481055178890793
0.012435975295383
-0.0873084407426422
-0.0481055178890793
-0.0299009959491144
0.0195341574545309
-0.0107349095843631
0.00325664756733257
-0.249994196640734
-0.301594751005732
0.270927749549227
-0.0120328093830812
0.379947235269081
-0.345103892155888
-0.0120328093830812
-0.0829025891974363
0.379947235269081
-0.0829025891974363
0.0914747130015868
0.75918865900249
0.630343111497674
-0.037898634014594
0.721165207045989
0.0145729597164984
-0.384174268832598
-0.0416868858329927
-0.0828531618222984
-0.0223799582497007
0.329750242840965
-0.801744786793974
-0.801744786793974
-0.363002640037363
-0.139628702668521
-0.0572556720001148
-0.140919273747675
0.0195341574545309
-0.0299009959491144
0.0347643863885491
0.0314261218157035
0.0314261218157035
0.0314261218157035
-0.015446692057144
0.0538793224100006
-0.015446692057144
-0.0106423694540017
0.0361973622134693
-0.419781187929716
-0.532417272110049
0.721165207045989
0.630343111497674
0.294971836053624
0.541235255232038
0.630343111497674
0.790468284366931
0.808687187670122
0.808687187670122
0.379874662494455
0.114867566511019
0.541235255232038
0.345926298359015
0.541235255232038
0.527780674367791
0.629755230113542
0.719542109979368
0.808687187670122
0.5120022610365
0.719542109979368
0.527780674367791
0.719542109979368
0.689746131423281
-0.649042592766117
-0.0674300422626182
-0.0262169520579805
-0.0333093478763724
-0.0587933848272257
0.0382371465115035
-0.0938247797125974
-0.0606764969171225
-0.0287204175986809
-0.0320443700133139
-0.0293027702757701
0.581618394507241
-0.51146637667363
-0.51146637667363
-0.51146637667363
-0.2391434988029
0.0145729597164984
0.0619167510869119
0.00543164300132146
-0.00970512021435682
0.0427614802761492
0.0145729597164984
0.0344480747951161
-0.711780693448173
-0.136427630454433
-0.711780693448173
-0.532417272110049
-0.241771905302844
0.350832653706731
0.385747556646539
-0.037898634014594
0.0454824888802117
0.122137092095049
0.151519287759364
0.5120022610365
0.545087877853878
0.5120022610365
0.64379557869354
0.691034736999282
-0.384174268832598
-0.384174268832598
-0.380250528362291
-0.0606764969171225
0.00863609071515792
-0.0267005893431491
0.0387667797442509
0.0387667797442509
0.100326514734132
-0.00368405473396061
0.0387667797442509
-0.00350609125413381
0.0382371465115035
0.070734834189392
0.00863609071515792
-0.0606764969171225
0.113188533847094
0.113188533847094
0.0904343267742643
0.0437534741811577
-0.0828531618222984
-0.0517286035520044
0.0223904857456187
0.070734834189392
-0.00236493287298589
0.150340982294965
0.0509766133257672
-0.0572556720001148
-0.00970512021435682
0.0122131297066672
0.0122131297066672
0.163754538811287
-0.345103892155888
-0.241771905302844
0.0582797569696272
-0.037898634014594
0.0854746809245433
0.345926298359015
0.122137092095049
-0.00461156872879143
0.108348678004879
0.230309164934881
0.191673644941623
0.676486449797
-0.0217142210690967
0.131611156360066
0.168301514085737
0.0794435354617061
0.140980701982934
0.0904343267742643
0.075944277372305
0.131611156360066
-0.0338597907407867
0.560885468995941
0.58011266227547
0.286831720961723
0.0427614802761492
0.142274878350353
-0.56474488137839
-0.241771905302844
-0.711564242244383
-0.711564242244383
-0.136427630454433
0.350832653706731
0.495409817410818
0.235255824095603
0.230309164934881
0.346194960624304
0.527780674367791
0.26033940994865
0.336709375022354
0.443117037874524
0.151519287759364
0.158647127300578
0.191673644941623
0.158647127300578
-0.0244430483100602
0.144660063742792
0.0715036736102251
-0.0321704214940018
0.06605377130779
0.140980701982934
-0.0458501451433995
-0.0458501451433995
-0.0338597907407867
0.47156739852712
0.211058811221795
0.211058811221795
0.231907221389609
0.150340982294965
0.231907221389609
0.299032485296454
0.150340982294965
0.0767425017684435
0.380427984978987
-0.202479675217643
1.14509004407568
-0.448934396943451
0.380427984978987
0.0124177670756714
-0.320175604439774
0.58011266227547
0.581618394507241
0.18898014083855
0.140742792470504
0.140742792470504
0.256387825956721
0.163754538811287
0.0567422201654287
-0.105635937608596
0.0454824888802117
-0.00461156872879143
-0.0252705041582966
-0.0252705041582966
0.379874662494455
0.495409817410818
0.394987484509389
-0.241771905302844
0.235255824095603
-0.0209672456770113
-0.363002640037363
0.235255824095603
0.0834290193332868
0.0834290193332868
0.123952287080139
0.0820736488321428
-0.0244430483100602
-0.0217142210690967
0.00972976629243616
-0.0209975743516246
-0.00396448179585107
-0.00947241624334649
-0.0283491799872652
-0.0457551264445644
-0.0457551264445644
0.140980701982934
-0.00368405473396061
0.752381177648881
0.601735745185717
-0.74262099477872
0.18898014083855
-0.359281832358164
0.140742792470504
-0.0106423694540017
0.0356584892064966
0.286831720961723
0.142274878350353
0.26033940994865
0.0154970845766036
-0.301833124759865
0.111550778234361
-0.0338597907407867
0.00972976629243616
-0.0209975743516246
-0.0587933848272257
-0.0293027702757701
-0.00504495154751916
0.887780245472286
0.898419218150569
0.898419218150569
0.560885468995941
-0.242376406485298
0.468426933632635
0.601735745185717
-0.320175604439774
-0.665698490244019
-0.776003000549509
-0.323433567080803
-0.320175604439774
-0.268659439554669
0.123952287080139
0.303773505396887
-0.0252705041582966
-0.251078897731878
0.151519287759364
0.158647127300578
0.0714554527392481
0.0714554527392481
-0.0422047268530497
0.0714554527392481
0.0662740962174486
-0.0450216201538283
0.0127480759752484
-0.049576496288969
-0.142239826548312
0.0181890553691116
-0.0018493859361472
-0.199561732503569
0.012131429142245
-0.190838134531375
-0.0236882311342349
-0.142239826548312
-0.0912998440455605
-0.0421699932735345
-0.0912998440455605
0.012131429142245
-0.0236882311342349
-0.049576496288969
-0.024538233557316
-0.0495921871087277
-0.150416737712638
-0.0217142210690967
-0.0998123656893118
-0.00947241624334649
0.0207792642829255
-0.00504495154751916
0.0508658091661314
-0.0239982641056829
-0.00504495154751916
1.08718584567941
0.468426933632635
0.644482380060392
0.542211019485701
-0.522378210857419
-0.190732111913778
-0.190732111913778
-0.529089205295471
-0.178577207062534
-0.64722296989663
-0.199909736072607
-0.384158279712825
-0.776003000549509
-0.14518183175667
-0.563883220047297
0.356944444592889
0.18898014083855
-0.252951143385536
0.0154970845766036
-0.0836145750702859
0.16913956247806
-0.0018493859361472
-0.160446857505694
-0.049576496288969
-0.0784003447754787
-0.0860076075486438
-0.0466705736468134
-0.0887587814241523
1.08718584567941
-0.242376406485298
-0.982113964925869
-0.450692456875009
-0.246191102123375
-0.316565063533139
-0.316565063533139
-0.20991706222631
-0.103228502782165
-0.246191102123375
-0.107004841006877
-0.178379928822658
-0.268659439554669
-0.64722296989663
-0.755766165855133
-0.320158277992924
-0.0178502127226032
-0.139602745551139
-0.139602745551139
-0.14518183175667
0.21573066560583
-0.14518183175667
0.153433287788952
0.875412973099235
1.18289712498208
1.04552849580477
-0.300008384365748
-0.0836145750702859
-0.301833124759865
-0.178866652080505
0.0662740962174486
0.0142983152300006
-0.199561732503569
-0.207929435702675
-0.211825686943591
-0.16902587920787
-0.16902587920787
-0.0810356242409345
-0.159361076320008
0.0690916361209418
-0.0810356242409345
-0.212720283988902
0.0764490658068984
-0.0536604879385378
0.150969648238378
-0.21896435048815
0.137363679386229
-0.150416737712638
-0.21896435048815
0.290885639347285
0.137363679386229
0.0554339160123219
-0.0466705736468134
-0.0466705736468134
-0.0474578203054933
-0.1851565280398
-0.25940102262238
-0.140514697598482
-0.760978240526479
0.419968836029385
-0.0131348020118462
-0.0131348020118462
0.887780245472286
0.693166718626588
-0.300008384365748
-0.359281832358164
-0.251078897731878
-0.261093761226657
-0.0274517628028271
-0.06216531327043
0.162944913312029
-0.270243185524019
-0.06216531327043
0.120830227633259
0.120830227633259
-0.124893535076413
-0.165793401442318
-0.0274517628028271
0.201249882103983
0.119762161136793
-0.160446857505694
-0.160446857505694
-0.144646162645128
-0.132634027220837
-0.130674958986023
-0.0744436518442328
-0.190838134531375
-0.138098257292335
-0.0709349326066591
-0.159361076320008
-0.0292226949190861
-0.0784003447754787
0.0690916361209418
0.167389179486764
-0.159361076320008
-0.165207796715945
-0.145984679180636
0.154412002635214
0.0390443224940437
-0.0667975833544366
-0.131056981949537
0.00623419933492775
-0.107004841006877
-0.107004841006877
0.0121971312129421
0.0341012933248825
-0.0604914967450844
-0.0512956925275591
-0.1851565280398
-0.149902426258009
-0.20991706222631
-0.25940102262238
-0.522378210857419
-0.144200993453985
-0.144200993453985
-0.0284817514622179
-0.316565063533139
-0.0678973045548796
-0.0103019784556492
-0.0678973045548796
-0.0419453900206255
-0.760978240526479
0.0361731704142284
0.189243378110339
0.153433287788952
0.0303706421774154
1.04552849580477
0.693166718626588
1.03884736917465
1.18289712498208
-0.0274517628028271
0.119762161136793
0.225146901616362
0.167379559751566
0.201249882103983
-0.0327732796781485
-0.144646162645128
-0.138098257292335
0.0801945960176118
-0.0709349326066591
-0.0324613974913029
-0.00611608777511996
0.07221263555101
0.07221263555101
-0.0324613974913029
0.324400689606785
0.216710700062145
0.216710700062145
0.02402630773236
0.0165454720403831
0.105016741016707
0.324400689606785
0.324400689606785
0.086470101324126
0.104361522206694
0.0764490658068984
0.0896967201947782
0.107962879829176
-0.21896435048815
0.154412002635214
0.108907304193685
0.154412002635214
0.0121971312129421
0.0347978264287356
0.0347978264287356
-0.19685611261238
-0.115701239696468
-0.0517286035520044
0.177287528527582
-0.00165212989979646
-0.755766165855133
-0.453053529760903
-0.439480263480625
-0.303702847337471
-0.303702847337471
0.0303706421774154
-0.303702847337471
-0.51699406523708
0.0190716282577704
-0.217342349473019
-0.515265880454144
-0.13936708736207
-0.74262099477872
0.282544219223906
0.0361731704142284
-0.323433567080803
-0.13936708736207
-0.236061398895476
0.469051188894383
0.0361731704142284
0.45359524360107
0.803810738216922
0.45359524360107
0.153433287788952
0.0877834082453825
0.0877834082453825
0.0473187546657057
0.165370024655013
-0.027008169865381
-0.0999758121749541
-0.144646162645128
-0.144646162645128
-0.0547305895836419
-0.0606787816511934
-0.107298381523781
-0.143428270065721
-0.0201459227440467
-0.10146941076993
-0.0411083437011239
-0.10146941076993
0.00132642526756122
-0.0449803245260501
-0.0547305895836419
0.000409978944890144
-0.0547305895836419
-0.0606787816511934
0.144532945692795
0.00132642526756122
-0.0356573946991208
-0.0194937292198515
0.182089368815561
0.0160515409523386
-0.0194937292198515
0.00499366692701897
0.089897763448046
0.0233914830496096
0.00882392168981794
0.0502385084149556
0.0160515409523386
0.00499366692701897
0.0151913554242729
-0.0808208937684061
-0.024538233557316
-0.0324613974913029
0.0801945960176118
0.290885639347285
0.285088670408807
-0.0972326368366354
0.273730354708661
0.0374425634969219
0.273730354708661
0.290885639347285
0.0700030270870176
-0.0807994302104216
0.167389179486764
0.0913669834226858
0.00911361759390272
-0.0429282185560209
0.193557243064306
0.225146901616362
0.206877000345406
0.0554339160123219
-0.149902426258009
-0.126117021021799
-0.00165212989979646
-0.0259173031860161
0.042494391612252
-0.439480263480625
0.0632599528444214
0.122495382783391
0.0190716282577704
0.122495382783391
0.201249882103983
0.167379559751566
0.044039260501563
0.165370024655013
0.151558697937378
0.154534845929104
0.0820736488321428
-0.0744436518442328
-0.0978641206619377
-0.0169532290812352
0.07221263555101
-0.0999758121749541
-0.0808208937684061
0.000373880590025299
0.136623444708247
0.31241496837338
0.246865364333959
0.125259294507151
0.125259294507151
0.089897763448046
0.0409512135485882
0.0151913554242729
0.0150843473438765
0.00657665503000937
-0.154061373162045
0.0877854061426511
0.105016741016707
0.086470101324126
-0.027008169865381
0.086470101324126
-0.027008169865381
0.0316204726606696
0.164317943742968
-0.126117021021799
0.177504707571645
-0.067255194873707
0.000373880590025299
0.171628242358365
0.0166229248226726
0.147799392452628
0.125259294507151
0.313801617397501
0.343975696845907
0.102915046890442
0.31241496837338
0.336449465725933
0.15690434361354
0.201030637684453
0.352295992388543
0.336449465725933
-0.0147967192950152
0.0422700615152608
-0.110515863095327
0.0248304505400833
0.301181639062449
0.139153277852696
0.145501138324209
0.209208906268426
-0.0553108040855778
0.301181639062449
0.016764456234338
0.016764456234338
-0.0495874834459635
0.0422700615152608
-0.0733052122088846
0.0638702603625127
0.0638702603625127
0.0272326559373146
0.0038355632222421
-0.169313231404723
-0.165613788040207
-0.154061373162045
-0.0745281722258635
-0.198090427664574
-0.169313231404723
0.0165454720403831
0.0877854061426511
0.0446024359187653
0.161610352128078
0.0446024359187653
0.0446024359187653
0.167092899598123
0.0491051809913032
-0.0520430634491323
-0.0520430634491323
-0.141927403855031
-0.0900117864694454
0.107812532362192
0.02402630773236
0.104361522206694
0.183662537239223
0.225146901616362
0.0913669834226858
-0.28052974734837
-0.0504900701087061
-0.0429282185560209
-0.0349529436656177
-0.0429282185560209
-0.0103163396901676
-0.125614522762652
0.098720345310824
-0.0357505586817186
0.098720345310824
-0.138315252724429
0.0851714171694936
0.091942624114341
-0.28052974734837
-0.263924356091898
-0.138315252724429
0.195575180298696
0.171628242358365
0.147799392452628
0.26629491702989
0.299796167096922
0.125144392451663
0.144532945692795
0.136623444708247
0.0110125919542986
0.0356564550638531
0.209208906268426
-0.0733052122088846
-0.0153858484844274
-0.0103004183082859
-0.0495874834459635
-0.0807994302104216
-0.0938508082159872
-0.0938508082159872
0.15306893240225
-0.0180129621164363
-0.0103004183082859
0.172998854193992
-0.0455303332021794
-0.0438907535746416
0.031737992184091
0.15306893240225
-0.0588124406988694
0.331320428159638
0.0833653919516816
-0.141927403855031
0.172998854193992
0.261397516656401
0.219494529025003
0.139546894814489
0.0833653919516816
0.225261044615771
0.0833653919516816
0.00688409826696224
0.0837920408507137
0.0638702603625127
0.0272326559373146
-0.0142156488798099
0.0038355632222421
0.0445362185898794
-0.154061373162045
-0.0838730157930864
0.246865364333959
0.10992834919669
0.0316204726606696
-0.0349529436656177
0.044039260501563
0.0754955949892235
0.0269943061165643
0.281925309545803
-0.067255194873707
0.220152329406088
-0.0147967192950152
0.0110125919542986
-0.0538807322177431
0.0502385084149556
0.0362129298177366
-0.0248231346345855
0.0445362185898794
0.0262813410201806
0.0248304505400833
0.0248304505400833
0.0602464510219327
-0.0438907535746416
0.078665286495375
0.0683819150709117
0.0683819150709117
-0.0379718201450707
0.139546894814489
0.0493997063966177
0.10445730115667
0.0493997063966177
0.0218895446043774
0.10445730115667
-0.0162628083190774
0.0527198319209226
-0.184002081955374
-0.00340661935605868
-0.0644051257142875
-0.0442073996528581
-0.0144756623519473
0.0119376683633233
-0.0506119297767273
-0.0506119297767273
0.0038355632222421
0.00657665503000937
-0.00053439072544037
-0.065494450196385
-0.125614522762652
0.0473187546657057
0.0473187546657057
0.091942624114341
-0.0261320735773196
0.452809459019419
0.703166835175337
0.220152329406088
-0.0169404453199247
-0.0518045527207507
0.0515503423184627
-0.105126676001995
0.288814624683538
0.0527198319209226
0.00688409826696224
0.211587659588042
-0.090462116077638
0.0331977304610127
-0.0644051257142875
-0.0199086475815969
0.170105248510955
0.220152329406088
0.452809459019419
0.471017779060618
0.0877834082453825
0.450605996434469
0.281925309545803
0.545087877853878
0.214316065815945
0.740205591766822
0.740205591766822
0.740205591766822
0.0163356478549938
-0.00053439072544037
-0.0169404453199247
-0.0169404453199247
-0.0556330603771871
-0.0579129101903844
-0.0549713551419502
-0.0556330603771871
-0.0549713551419502
-0.0452927460342234
0.00238507886021588
-0.0556330603771871
-0.0452927460342234
-0.0248231346345855
0.10445730115667
0.0217448083059424
-0.162231497678596
0.225261044615771
-0.0633896491177051
0.288814624683538
0.331320428159638
0.288814624683538
0.0244607715963769
0.450605996434469
0.0798572051882219
0.394987484509389
-0.0289983192794641
-0.0815580144116608
-0.0499769253975841
-0.062366648108285
0.024092079312013
-0.114028510139404
0.0233942414257706
-0.162231497678596
-0.401442759667634
-0.332102499861477
-0.369361062476761
-0.234362733895098
-0.0633896491177051
-0.369361062476761
-0.139441093780421
-0.234362733895098
-0.287214633030314
-0.00516584776431661
0.0488494062765197
-0.00516584776431661
-0.111588985291458
-0.111588985291458
0.137633960106651
0.247827767559277
0.0159784805768519
0.0331977304610127
-0.0844326221256541
0.0275709799612891
0.0515503423184627
-0.0802370365395921
-0.0638598985066341
-0.108269918245341
-0.0601014111836526
0.03782241379781
-0.206269997409507
0.0491187626991889
-0.0802370365395921
-0.130429606693097
0.0951583336331379
0.0785922707538431
0.0488494062765197
0.27552811309258
0.15300855727249
0.0159784805768519
-0.0815580144116608
-0.0289983192794641
0.00236640279280054
-0.0050887552723542
0.0275709799612891
0.0350820846002203
0.0350820846002203
-0.0381360446676351
0.0585286896752912
-0.0834489821679525
-0.110273686221953
-0.199661462407887
-0.110273686221953
-0.0381360446676351
0.102915046890442
-0.108269918245341
-0.206269997409507
0.024092079312013
-0.139441093780421
-0.0684639439277981
-0.0684639439277981
-0.0395798933450981
-0.0505213490590988
-0.0361391522749721
0.00141367461693576
-0.293186117139962
-0.0154366863863793
-0.00307313979080059
-0.0554291095809034
-0.22246705669663
-0.277277017276758
-0.278428623878124
-0.293186117139962
-0.200604181085572
-0.0556965341815647
0.0350820846002203
-0.0361391522749721
-0.0499769253975841
-0.130429606693097
-0.200604181085572
-0.23515213663346
-0.0505213490590988
-0.0206751952322726
-0.277277017276758
-0.139162238479047
-0.103553238964605
-0.062692910032772
-0.276197295644521
-0.0206751952322726
0.0337983995560989
-0.151416237522843
-0.0355779137312811
-0.0355779137312811
-0.161899369403741
-0.062692910032772
-0.180432514002554
0.0223953202750524
-0.0437794935713838
-0.161899369403741
-0.143096064877417
-0.0355779137312811
0.00141367461693576
-0.062692910032772
-0.0916612253547073
-0.0554291095809034
0.0460055726606816
-0.276197295644521
-0.196981915964169
-0.25261069711362
-0.25261069711362
-0.0556965341815647
-0.0556965341815647
-0.151416237522843
-0.103553238964605
-0.0916612253547073
0.00608469018547009
-0.00307313979080059
0.0675995057304861
-0.23515213663346
-0.180432514002554
-0.00307313979080059
-0.0901091403749146
0.0675995057304861
0.0729988611202697
0.00910313090359027
0.0729988611202697
0.0602464510219327
0.0729988611202697
0.00821668983349122
0.016764456234338
-0.110109927507759
0.0217448083059424
0.0460055726606816
-0.0761553252450426
-0.0437794935713838
0.0675995057304861
-0.0553108040855778
-0.110109927507759
-0.104910968754601
0.0325565182745122
0.0774254005528188
-0.0779336803787016
-0.166288334963033
0.0254372126169928
-0.0754779301130057
-0.00833071979488054
0.0684714878246244
0.0897206137652682
-0.00979619974237367
0.0684714878246244
0.0927202198919452
0.0964495912353265
-0.0677181364347297
-0.00833071979488054
0.109019387433571
0.00897672924976511
0.0897206137652682
0.177287528527582
0.142847176479603
0.0747643289044266
0.142847176479603
0.105387764807787
0.0747643289044266
-0.118918382236811
0.0927202198919452
0.00897672924976511
0.0754443798068812
0.0914663069000037
0.0944287375392878
0.0944287375392878
0.137409940616348
-0.0232882601966363
0.0362523352677059
-0.118918382236811
0.0291519741310025
0.0504710155644899
0.181674291399938
0.0168160770233332
0.0815893911753873
0.0747643289044266
0.0930746722552072
0.134126858522937
0.0547941534307141
0.0933491455452052
-0.110792275798356
-0.0421856977638384
0.225396948701447
0.0168160770233332
0.0994048176201315
0.00946784570548453
0.0145793052283614
-0.110792275798356
-0.0421856977638384
-0.597193234214801
0.181674291399938
0.181674291399938
0.0544430641120932
-0.275598404478789
0.106050303353514
0.0544430641120932
-0.178612718966524
0.0192856873172693
0.0994048176201315
0.0196323833798351
-0.0176022738437407
0.137409940616348
0.0933491455452052
0.0714250693547859
0.00946784570548453
0.0145793052283614
0.134126858522937
-0.0176022738437407
-0.0419453900206255
0.0714250693547859
-0.0103019784556492
0.134126858522937
-0.063083144500675
-0.375012383628493
-0.375012383628493
-0.295817378366187
-0.702556216943152
0.0196323833798351
0.225396948701447
-0.00205404429235556
-0.0480965966135607
-0.702556216943152
-0.833740048339731
-0.939783243391332
-0.375012383628493
-0.965480686226645
-0.0391467963222927
0.124001428610558
-0.00874279511940257
-0.982113964925869
-0.247806035721856
-0.796414440536952
-0.377343373388557
0.124001428610558
0.0855122252285185
-0.796414440536952
0.32851874782079
-0.675454238767354
-0.464308094301113
-0.590917221632835
0.208388932953515
-0.209452281524844
-0.209452281524844
-0.150632727011583
-0.796414440536952
-0.241177575043005
-0.355510640216411
-0.590917221632835
0.233759530107849
0.157775501571171
0.233759530107849
0.208388932953515
0.407051851133167
0.38373419567724
0.38373419567724
0.103359188390988
-0.377343373388557
-0.464308094301113
-0.0847923237803163
-0.0847923237803163
-0.0318351136694727
-0.0847923237803163
-0.377343373388557
-0.277526117032918
-0.189019582360281
0.32767792847877
-0.150632727011583
0.176911844689192
0.655511034076163
0.391562954586729
0.32851874782079
0.103359188390988
0.215402330583449
0.103359188390988
1.27777249747683
1.26333427235036
0.612145696292479
0.0122580100224211
0.0182661148944015
0.0182661148944015
0.040629070237206
0.0423219983968387
0.0316162944574374
-0.00841649229718072
-0.0488889674444682
-0.0562380811636179
-0.0562380811636179
-0.0432781893628692
0.138875096919824
0.118071848202008
-0.071090303778389
-0.0803077104634813
-0.0675560660958051
-0.0520563850052308
-0.0520563850052308
-0.115516445246695
-0.000374964892192103
0.0717758641124341
-0.0809117780687008
-0.120754631100747
-0.277583402200436
-0.0828531618222984
-0.0183634039047813
-0.448934396943451
0.0762424506540073
0.148074900956947
0.0351714157204158
0.0347978264287356
-0.0917083078609945
-0.0819983970666899
0.0508658091661314
-0.0464745135215693
0.0207792642829255
-0.027208712353323
-0.027208712353323
-0.0917083078609945
1.08718584567941
0.329750242840965
0.0854746809245433
-0.0474578203054933
0.161610352128078
-0.0950473100975904
-0.197876960739258
-0.284479558555057
-0.207497744052892
-0.236061398895476
-0.236061398895476
-0.207497744052892
-0.207497744052892
0.999772799543902
0.904811867221999
0.469051188894383
0.904811867221999
0.116587468153037
0.154534845929104
-0.0327732796781485
-0.117588044301209
-0.117588044301209
0.0505002558167539
0.0233914830496096
-0.0549610344128755
0.0160986106155574
-0.0268503211324089
0.182089368815561
0.336449465725933
0.256387825956721
0.0316204726606696
-0.0588124406988694
-0.0838730157930864
-0.0653451378503269
-0.00258846392519263
-0.0147967192950152
-0.0270705357610103
-0.000192069615219559
0.0203759289873328
0.0356564550638531
0.063461796627353
-0.0381360446676351
-0.114028510139404
-0.0420997277718957
0.16725461404102
0.0491187626991889
0.0865046851743645
-0.105126676001995
0.0491187626991889
0.0491187626991889
0.269049918535622
-0.14997911108935
-0.0959680323093415
-0.119466017498233
-0.067429391237682
-0.067429391237682
0.0917306904144404
-0.0814375904878268
-0.067429391237682
0.177287528527582
-0.118918382236811
0.0178494725961106
0.0192856873172693
0.0178494725961106
-0.179108954388775
-0.179108954388775
0.0192856873172693
0.211857926946297
-0.247806035721856
1.27406154662412
1.27406154662412
0.684495875542462
1.19804718248571
0.606023717395551
0.227353755676674
0.684495875542462
0.682208664429207
0.222041848948205
1.1957673037986
0.590954980930657
1.19804718248571
1.23284604532951
0.682208664429207
-0.0811147951741393
0.558178711602309
0.558178711602309
-0.037638454114701
1.14107041955548
0.618554328659167
1.27777249747683
1.23284604532951
0.817880352805165
0.52889575478054
0.862738672715502
1.23284604532951
0.798439355268243
0.747757972352025
0.618554328659167
0.183851106666171
0.359694131761593
1.2174634074269
0.747757972352025
0.435760696217234
0.52889575478054
1.02965477610134
0.957197249929573
0.974702410481943
1.02965477610134
0.302742343112205
1.15579423740769
1.02965477610134
0.957197249929573
1.1354482579225
1.1354482579225
1.08814957608395
0.271749330331148
0.271749330331148
1.06002873038621
0.354984069926187
0.175678358456165
0.974715966755039
0.354984069926187
0.438664271788442
0.960621106463976
0.0154268025065507
-0.0624699497536545
0.302742343112205
0.595081614828282
1.06002873038621
0.365779149477202
0.217538972172652
0.306018024391751
0.691472582664902
1.08049676313541
0.314809052597464
1.11175996286268
0.691472582664902
0.217712935154484
0.960621106463976
0.749331885738653
0.314809052597464
-0.0693328628473762
0.00386237606584316
1.21467648805182
1.21467648805182
1.21467648805182
0.862738672715502
1.14107041955548
0.133652433357663
-0.195486257318144
0.365779149477202
1.12673221918032
0.749331885738653
0.0351383710969639
-0.108909267041296
-0.0411256956371935
-0.0173361821407787
-0.0624699497536545
-0.0152361732478177
-0.0173361821407787
-0.0736775725260273
-0.0673031584616306
-0.0606957818783786
0.0509766133257672
0.432230542702787
0.704039674944873
0.432230542702787
-0.0243565792131587
-0.0183634039047813
-0.252951143385536
-0.284479558555057
-0.197876960739258
0.510279467542028
0.72052863941553
0.93707294131746
0.72052863941553
1.03884736917465
-0.0268503211324089
0.256387825956721
0.0203759289873328
0.182548724340469
0.182548724340469
-0.00917723064864528
0.225821503762417
0.182548724340469
-0.401442759667634
-0.260147747550835
-0.332102499861477
-0.105126676001995
-0.00917723064864528
0.107450937014454
0.211834734372839
-0.338320623386734
-0.234879939820501
-0.350968637299388
0.13092594017293
0.13092594017293
-0.108909267041296
-0.108909267041296
-0.152595798278856
-0.0990571335794497
-0.0925931246666833
-0.0693328628473762
-0.0990571335794497
-0.0576112035501195
1.03884736917465
0.798439355268243
-0.293565446552305
0.0448296802470002
0.262682285481728
0.162944913312029
-0.214740197765311
0.484890439267401
1.12673221918032
0.804312122526013
1.12673221918032
