-0.148104262472472 0.0156706115896224
-0.0405821533496759 -0.217673283180177
0.0145911219819518 -0.206583544667561
0.0868179616878142 0.0917306904144404
-0.0337351794108871 0.157775501571171
0.119045350217801 0.00325865059003561
0.205872128858061 -0.0391467963222927
0.220680263862986 -0.00205404429235556
0.229095486920857 0.0144962578978171
0.074609863329734 -0.277526117032918
-0.0204691403686754 -0.129623931886419
-0.0651703108286272 0.0511872539870171
0.0166306023495497 0.215402330583449
0.186964694582362 0.93707294131746
0.00766135936948387 0.45359524360107
-0.0355359019623382 -0.130068217299533
-0.0352689128258037 -0.0114715291397638
0.000337913778320709 0.0632599528444214
0.0384535150744533 0.0222455921678115
0.0714999197922787 0.0754955949892235
0.0103476915850935 -0.0103163396901676
0.0117372559348288 0.00911361759390272
0.151140094855675 0.0896967201947782
0.229229742396468 0.037377706953351
0.15605773777735 -0.145984679180636
0.0643517385455969 -0.165207796715945
-0.00532880808869418 0.00812950546462077
0.120316372762604 0.108907304193685
0.163260817080726 0.18196872821238
0.0339471136097459 0.0491051809913032
0.016808910109707 -0.184002081955374
0.124304271224651 -0.173160030265477
0.329950068190385 0.010773646297932
0.321094034745761 0.137633960106651
0.0783829905147496 0.234847898129959
-0.107321714680534 0.15300855727249
-0.108652888140349 0.0785922707538431
-0.00409837580619843 0.319098898996805
-0.00567265767556702 0.225821503762417
-0.0173191820859273 0.0621008352187002
-0.0100344580480748 -0.114028510139404
0.0494677333266433 -0.213182854725852
0.0538450096897228 -0.132999463061946
0.0178907714115788 -0.119466017498233
0.0325291804802603 -0.0959680323093415
0.0838850944994787 0.00995503377303053
0.0853669056160877 0.0901971929836143
-0.0605057943423296 0.00932870366440652
-0.173793133678908 -0.0395798933450981
-0.153107927128218 -0.0177013161444095
-0.024411119484997 0.0203759289873328
0.0830124749908799 0.00238507886021588
0.148195514591064 0.0198610249526406
-0.0505027390457933 -0.0144756623519473
-0.080167313709497 0.0122580100224211
-0.073097988785409 0.0617654304423856
0.042750175810741 0.0419218743826799
-0.00767529195429614 0.0268046412099855
0.0511933066166121 0.0316817146611256
-0.00767529195429614 0.0268046412099855
-0.0238982755830606 -0.0107349095843631
0.0473360310163939 -0.0304452070883794
0.10308227732114 -0.0562380811636179
-0.0577397831290535 0.0538458221988713
0.0346009260287197 0.0336888397386252
0.055851728756454 0.024356448262971
0.0259226276523975 0.0396489279549147
-0.0327240718118265 0.0336851207771209
-0.0268200171977244 0.0142177081549173
0.0449769992774591 -0.014446318239823
0.0955298122912256 -0.0165479577319422
0.0580171563999307 0.00279560614623067
0.0456937476993393 -0.0294244907294363
0.117129915697591 -0.0714650782583281
0.0805193652759863 -0.0606957818783786
0.0206810094874069 -0.0683370349424456
0.0102436895276062 0.00484494417592407
0.0472118921863502 -0.0406301803406205
0.0550837934439218 -0.0457551264445644
0.0788335583673342 -0.0352504641787945
0.0730089162650444 0.0108033787867852
0.0567311886892951 0.0445634681458658
-0.0020797175069505 0.075944277372305
-0.0499730106447777 0.116853621269903
-0.071817946182728 0.0353002692540472
-0.0989529343868926 0.042494391612252
-0.027186737074103 -0.0212257471147891
0.0722430793591185 0.0229030429540553
0.049067030091775 0.0944287375392878
-0.0961055833998567 0.0815893911753873
-0.158982208959736 -0.0754779301130057
0.213341348695373 0.515545461365113
0.0751997850562551 0.49507278325987
0.0515776213244271 1.21916808585041
0.0216986548193555 1.33288831640473
-0.0121284166980055 0.833778070130381
0.0385691871286194 0.211834734372839
0.0773612261518507 -0.293565446552305
0.0625314910765619 -0.524942055835223
0.029556973188981 -0.404487038226777
0.0488643634692987 -0.0576112035501195
0.024558364878773 -0.0388655512304055
-0.0226675437045817 -0.152595798278856
-0.0332590111279619 -0.0925931246666833
0.0764208276284136 0.0351383710969639
0.458382524998873 1.12673221918032
0.372104446113817 0.804312122526013
0.178831794626373 0.394698430033117
-0.0491941662086288 0.306018024391751
-0.208859270779968 0.153454289377439
-0.0493583503267293 0.133652433357663
-0.143575869485601 0.136293562483212
-0.166021663244122 -0.037638454114701
0.163709627819638 0.222041848948205
0.0342818992621907 0.385226498357143
-0.0356092117235258 -0.0343148781612379
0.0916128306926314 -0.188487284324327
0.0926445831099909 -0.101518390013051
-0.0615011488849862 -0.0263089902599052
0.00837039645571189 -0.0779336803787016
-0.0757104375068925 -0.104910968754601
-0.177847189151069 -0.0227650556687686
-0.00767529195429614 0.0268046412099855
-0.00767529195429614 0.0268046412099855
-0.0994737371866084 0.0374013783314499
-0.00767529195429614 0.0268046412099855
-0.1085931365843 -0.0299563793936781
-0.0748440891744089 0.0139540779366987
-0.112818161301008 0.0601432165435593
-0.112818161301008 0.0601432165435593
-0.0238680323588207 0.0448296802470002
-0.134323336734722 0.106688130430407
-0.0478314825474058 0.0623197906593438
-0.19774365206751 0.0691929572375534
-0.216127728757728 0.108529589086694
-0.200454884853274 0.0361973622134693
-0.145002701236046 0.0925413684734513
-0.188538623017439 0.0347643863885491
-0.19774365206751 0.0691929572375534
0.0258723111209203 0.0356584892064966
-0.225589727579616 0.0837920408507137
-0.232080087650593 0.114522793537005
-0.00772381851676291 0.046658950202419
-0.0327240718118265 0.0336851207771209
-0.12649243758999 0.0158869198741771
-0.0240163737248666 0.104132846761175
-0.00956755399523804 0.041182540962889
-0.19625017508758 0.0390117476501264
-0.141674391233617 -0.121547586276472
-0.119079331148746 0.104561921028465
-0.19625017508758 0.0390117476501264
-0.0405821533496759 -0.217673283180177
-0.0652967277560786 -0.119140563792585
-0.0652967277560786 -0.119140563792585
-0.232080087650593 0.114522793537005
-0.0082648527986551 0.0942051876564116
-0.141674391233617 -0.121547586276472
-0.132485156850736 -0.0835308362715261
-0.132485156850736 -0.0835308362715261
0.491034199407534 0.323514029689847
-0.00566747572601511 -0.0118352271602231
-0.134323336734722 0.106688130430407
-0.0240163737248666 0.104132846761175
-0.00875354863768299 0.125144392451663
-0.19625017508758 0.0390117476501264
-0.12649243758999 0.0158869198741771
-0.132485156850736 -0.0835308362715261
0.144655717012336 0.0325565182745122
1.08616692280061 0.571264889762956
0.0342721113903802 0.011888829343527
0.0539239924602877 0.26629491702989
0.0541412237014225 -0.150321266337175
0.0498024433076015 -0.0160374282495228
0.0498024433076015 -0.0160374282495228
0.261427405497586 0.166116761323958
-0.0268027375643385 0.0612354301892125
0.0321194235436485 0.174033546795406
0.0825309599816987 0.0925710363384056
-0.00566747572601511 -0.0118352271602231
0.491034199407534 0.323514029689847
0.996885473957223 0.777968852906242
0.996885473957223 0.777968852906242
0.588189960262715 1.00006622948828
0.907766429263698 0.551411366419176
0.77097181669703 0.782167288782945
0.502321908013229 0.164376870956242
0.77097181669703 0.782167288782945
0.490220813123773 0.561377008484002
0.818542119980723 0.410433431876474
-0.0240163737248666 0.104132846761175
0.0321194235436485 0.174033546795406
0.0825309599816987 0.0925710363384056
0.314456024374296 0.789059165012344
0.360706468123719 0.366987566154628
0.334431750293568 0.980113264626898
0.490220813123773 0.561377008484002
0.00901155892874408 0.0913360275055051
0.827108135447021 0.340206603281548
0.314456024374296 0.789059165012344
0.213341348695373 0.515545461365113
0.334431750293568 0.980113264626898
0.233493814981717 1.09950824415314
0.00752944276702763 0.522475189002019
0.233493814981717 1.09950824415314
-0.00449556559164516 0.329855551966594
0.233493814981717 1.09950824415314
0.818542119980723 0.410433431876474
1.01657688466816 0.450985006381625
0.0682568723182573 0.624556536999743
1.01657688466816 0.450985006381625
0.0858330758634858 0.0684714878246244
0.239373664471868 0.103697866962853
-0.255633952619146 -0.0677181364347297
0.827108135447021 0.340206603281548
-0.255633952619146 -0.0677181364347297
0.682877710466676 -0.00416973636650497
0.827108135447021 0.340206603281548
0.720828905015532 0.161306911138361
0.00752944276702763 0.522475189002019
0.0926445831099909 -0.101518390013051
0.0884214541383036 1.25263672306093
0.154218269532914 1.23931135506658
0.0864792103036965 0.612145696292479
0.137747514932309 0.887275312026546
-0.0356092117235258 -0.0343148781612379
0.154218269532914 1.23931135506658
0.0648151781789767 0.897572247168135
0.0762402001421923 1.26333427235036
0.0334857286584282 0.599202537740964
0.0515776213244271 1.21916808585041
0.0515776213244271 1.21916808585041
0.137747514932309 0.887275312026546
0.0677133093485482 0.606023717395551
0.055851728756454 0.024356448262971
0.0564554605460142 0.035873052954287
0.0259226276523975 0.0396489279549147
-0.0185340708329883 0.012435975295383
-0.173613458328378 0.0805801411270453
-0.0867485191893402 0.041557270731022
-0.184706364536873 -0.00340661935605868
-0.185675876838703 0.0416867392111611
-0.080167313709497 0.0122580100224211
-0.185675876838703 0.0416867392111611
-0.061550204712314 0.0423219983968387
-0.0268200171977244 0.0142177081549173
-0.0577397831290535 0.0538458221988713
0.00242804307249604 -0.00781472929815686
-0.0555269780808551 0.0814266016467187
-0.0555455987563826 0.0344607546236827
-0.0807603043079833 0.0787748580831948
-0.00244980510535858 0.0326403982387093
-0.032939241741382 -0.00841649229718072
-0.0555455987563826 0.0344607546236827
0.0220047780948532 0.0277910795626138
0.0793470536168456 -0.0233729091022827
-0.0675086252085969 0.050488363717255
-0.0593054999644732 0.040629070237206
0.0220047780948532 0.0277910795626138
-0.0488689270422566 0.0466150266984404
0.0220047780948532 0.0277910795626138
-0.0884253988748045 0.083348173287157
-0.00772414770390335 0.0347994490449221
-0.0383192419194759 0.0186895088222408
0.0449769992774591 -0.014446318239823
-0.0555269780808551 0.0814266016467187
-0.0807603043079833 0.0787748580831948
-0.0370878838059386 0.0713958524279509
0.00214940096913568 0.00782430509848431
-0.0370878838059386 0.0713958524279509
-0.0370878838059386 0.0713958524279509
0.0314124107177305 0.11384962617972
0.0155660828269766 0.0839340598098413
0.00897185384886687 0.0127288433939652
-0.00772414770390335 0.0347994490449221
0.0190539784101531 0.0297785495273218
0.00523412781485851 0.138875096919824
0.0348826871765571 -0.00847131512728266
0.0293725357043926 0.0279397209072281
0.0314124107177305 0.11384962617972
-0.0345025957225034 0.118071848202008
-0.0370878838059386 0.0713958524279509
-0.123663104343302 0.188278676178179
0.0217470294949718 0.0138749910722448
-0.0341111784354517 0.181210999767208
-0.0312393471483413 0.0591222259196186
-0.0588410015751606 0.120855325528645
-0.137688265025675 0.11561467420087
0.0593864223976904 -0.0636409029241508
-0.0341111784354517 0.181210999767208
-0.0867918160176606 0.151233902518592
-0.111830924994738 0.20487291203714
-0.154888555353398 0.0818263556971623
-0.137688265025675 0.11561467420087
0.0361657674006503 0.0263392359196851
-0.0674037116824265 0.198408061385497
0.0247314270143698 0.0240981841945917
-0.281420735345345 0.0935185347148833
-0.158314133415867 0.151867737126136
0.0217470294949718 0.0138749910722448
0.00626019092601581 -0.071090303778389
-0.112802706519738 0.0917043276078137
-0.0657813111847311 0.100590055689416
-0.154888555353398 0.0818263556971623
-0.214446319914517 0.0789243081810898
-0.105777894747641 0.0440372355386804
-0.00161243727142041 -0.109505040409182
0.0293725357043926 0.0279397209072281
-0.350217246336231 0.0075588242059037
0.104975875867115 -0.080110521634555
0.0904079898524197 -0.0051289726233133
0.0198995515037075 -0.0446774850932821
-0.214446319914517 0.0789243081810898
0.104975875867115 -0.080110521634555
0.000270663682852362 -0.131779375779502
-0.136151119271611 0.0812845428940875
-0.263598588780529 0.0687964804990061
-0.401345409170618 0.166509349292454
-0.429679156931026 0.100286866354917
-0.248908676643593 0.0772921884959673
-0.281420735345345 0.0935185347148833
-0.401345409170618 0.166509349292454
-0.248908676643593 0.0772921884959673
-0.449970307240751 0.254324646118112
-0.105777894747641 0.0440372355386804
-0.0649167473096455 0.0577389699575271
-0.401345409170618 0.166509349292454
-0.00155642499096256 -0.0708632538358299
-0.178786680079432 0.0837603597689496
-0.0719619859906623 0.00133187492950243
0.119817293469831 -0.0385761161415901
0.0456937476993393 -0.0294244907294363
0.00897185384886687 0.0127288433939652
0.0567631579890112 -0.0625632764071217
-0.00772414770390335 0.0347994490449221
-0.0588410015751606 0.120855325528645
-0.112802706519738 0.0917043276078137
-0.135006008945782 0.0240624957340895
-0.135006008945782 0.0240624957340895
-0.135006008945782 0.0240624957340895
-0.0675086252085969 0.050488363717255
-0.122780288117819 0.0570353458333003
-0.108418216804635 0.174565429409072
-0.111830924994738 0.20487291203714
-0.158314133415867 0.151867737126136
0.0904079898524197 -0.0051289726233133
0.0348826871765571 -0.00847131512728266
-0.154888555353398 0.0818263556971623
-0.404163783478076 0.0210591621934749
-0.024694664979312 -0.200816110398124
-0.0593309314104625 -0.0925576903481743
-0.279690570133586 -0.115516445246695
-0.404163783478076 0.0210591621934749
-0.130283846439905 0.234449051423837
-0.124635794297657 0.471841192874614
-0.0649167473096455 0.0577389699575271
0.0441468394178042 -0.133461267559549
-0.00155642499096256 -0.0708632538358299
0.0685602173054976 -0.0998123656893118
-0.00155642499096256 -0.0708632538358299
0.0456937476993393 -0.0294244907294363
0.0567631579890112 -0.0625632764071217
0.0652737865090831 -0.0469172878288731
0.0502226218936318 -0.0736775725260273
-0.0804460878606501 0.0618281501875504
-0.103134015392997 0.16738319400992
-0.025016442460748 -0.0920339908602994
-0.0334858812235788 0.0302026109202637
0.0190539784101531 0.0297785495273218
-0.154143051623789 -0.011551444163367
-0.350217246336231 0.0075588242059037
-0.199042332888452 -0.0809117780687008
-0.024694664979312 -0.200816110398124
0.150837366874205 -0.16188699126754
-0.0704762768706556 0.226074447327811
-0.177632769329784 0.571849944364117
0.0198995515037075 -0.0446774850932821
-0.116665196852578 -0.11430247435688
-0.0867918160176606 0.151233902518592
-0.0657813111847311 0.100590055689416
0.284376155801263 -0.249994196640734
0.0090867396233705 -0.0380242147464685
-0.193432125599002 0.0717758641124341
0.254717929221708 -0.0916046138913607
-0.0704762768706556 0.226074447327811
-0.0704762768706556 0.226074447327811
0.187045740306614 -0.0476503186506333
0.101405370174976 0.0813278956051693
0.0917410808442417 0.262682285481728
0.0598625207626711 -0.0478594943484839
0.101405370174976 0.0813278956051693
0.110343186533293 -0.0825524112807935
0.152053014981104 -0.0828614937801269
0.187045740306614 -0.0476503186506333
0.0974829162885401 -0.0347807542701699
-0.259978962677655 0.22343009944331
-0.338880630847659 0.444494937602188
-0.130283846439905 0.234449051423837
0.248737389158311 0.126571976631354
-0.0285809116712527 -0.144017767096912
0.000929850416039241 -0.0936527332720946
0.0847661643825427 -0.134797708535421
-0.0334858812235788 0.0302026109202637
0.523048964732846 -0.301594751005732
0.0247314270143698 0.0240981841945917
-0.193432125599002 0.0717758641124341
-0.107122083226968 0.107410690408784
0.0247314270143698 0.0240981841945917
-0.024694664979312 -0.200816110398124
0.354816082046327 -0.344172269014804
0.110343186533293 -0.0825524112807935
0.0136580764488659 -0.115701239696468
-0.177632769329784 0.571849944364117
-0.0131390221095607 0.73122166101524
-0.124635794297657 0.471841192874614
0.248737389158311 0.126571976631354
0.245789809738359 0.0137842474427919
0.322795996757895 0.139205642833145
-0.138055524983442 -0.19076323689218
-0.190832414900388 -0.0981808039252142
-0.138055524983442 -0.19076323689218
-0.116665196852578 -0.11430247435688
-0.0934773966934049 -0.0805808254086701
0.0847661643825427 -0.134797708535421
-0.00780762244850564 0.0914747130015868
0.171350575311039 -0.130277528344811
0.544135586087413 -0.277583402200436
0.622204693231166 -0.549675346903568
0.0200279622339752 -0.0333093478763724
0.0592485217459706 -0.0950473100975904
0.133595421345202 0.477333048231057
0.246136504224736 -0.149504483619621
0.405169133566724 -0.46524163854538
0.246136504224736 -0.149504483619621
0.246136504224736 -0.149504483619621
0.354816082046327 -0.344172269014804
0.463175784766622 -0.380250528362291
0.447058102135891 -0.704094411499308
0.405169133566724 -0.46524163854538
0.412014448437217 -0.643339539375364
0.578810512799879 -0.674248125341565
0.191295785125141 -0.204649030152943
-0.024694664979312 -0.200816110398124
-0.0090796835515824 -0.109108093241828
0.664185889131954 -0.682280512783097
0.354816082046327 -0.344172269014804
0.151004081315675 -0.202479675217643
0.245789809738359 0.0137842474427919
0.149676874752859 0.305674747631664
-0.0285809116712527 -0.144017767096912
-0.0576799155391833 -0.0225739642640139
-0.025016442460748 -0.0920339908602994
0.334315263223431 -0.255277047391049
0.287229371781982 -0.218094588073831
0.0974829162885401 -0.0347807542701699
0.152053014981104 -0.0828614937801269
-0.0131390221095607 0.73122166101524
0.133595421345202 0.477333048231057
0.380521465688052 0.331403249579325
0.220275606099101 0.305219413217847
0.166422513120105 0.520542469772721
0.380521465688052 0.331403249579325
0.166422513120105 0.520542469772721
0.561533661344803 -0.788750484362674
0.264707163477157 -0.724056919609939
0.264707163477157 -0.724056919609939
0.309126990301951 -0.795226197347102
0.309126990301951 -0.795226197347102
0.552511113838064 -0.56474488137839
0.322795996757895 0.139205642833145
-0.0285809116712527 -0.144017767096912
-0.190832414900388 -0.0981808039252142
-0.0482958592856538 0.0195341574545309
-0.244988019315738 0.0344480747951161
0.299428550890462 -0.0337467592724054
-0.226659751996015 0.00278545429694782
-0.0576799155391833 -0.0225739642640139
0.0100977235835014 -0.0481055178890793
-0.0185340708329883 0.012435975295383
0.249840101275071 -0.0873084407426422
0.0100977235835014 -0.0481055178890793
-0.0724507945206514 -0.0299009959491144
-0.0482958592856538 0.0195341574545309
-0.0238982755830606 -0.0107349095843631
-0.153178921355556 0.00325664756733257
0.284376155801263 -0.249994196640734
0.523048964732846 -0.301594751005732
0.471379010455422 0.270927749549227
0.621998586126292 -0.0120328093830812
0.25349980767191 0.379947235269081
0.64476492679537 -0.345103892155888
0.621998586126292 -0.0120328093830812
0.297799681026345 -0.0829025891974363
0.25349980767191 0.379947235269081
0.297799681026345 -0.0829025891974363
-0.00780762244850564 0.0914747130015868
0.255602167395484 0.75918865900249
0.151915873947934 0.630343111497674
-0.326992701497647 -0.037898634014594
0.315271357017235 0.721165207045989
-0.167234010484281 0.0145729597164984
0.331336615294074 -0.384174268832598
0.0649268222401196 -0.0416868858329927
0.0439999983779623 -0.0828531618222984
-0.0242360192712087 -0.0223799582497007
0.0378648072338407 0.329750242840965
0.649723811537972 -0.801744786793974
0.649723811537972 -0.801744786793974
0.282702243488081 -0.363002640037363
0.280466766855809 -0.139628702668521
0.211177308759871 -0.0572556720001148
0.173556517444368 -0.140919273747675
-0.0482958592856538 0.0195341574545309
-0.0724507945206514 -0.0299009959491144
-0.188538623017439 0.0347643863885491
-0.23474253844629 0.0314261218157035
-0.23474253844629 0.0314261218157035
-0.23474253844629 0.0314261218157035
0.0174281539197075 -0.015446692057144
0.252266577305566 0.0538793224100006
0.0174281539197075 -0.015446692057144
0.0308364831034087 -0.0106423694540017
-0.200454884853274 0.0361973622134693
0.763067359937298 -0.419781187929716
0.559113990011218 -0.532417272110049
0.315271357017235 0.721165207045989
0.151915873947934 0.630343111497674
-0.035416307872753 0.294971836053624
0.111607957832732 0.541235255232038
0.151915873947934 0.630343111497674
0.247275402315044 0.790468284366931
0.0401544260059991 0.808687187670122
0.0401544260059991 0.808687187670122
-4.7469105488307e-05 0.379874662494455
-0.231523550688673 0.114867566511019
0.111607957832732 0.541235255232038
-0.0615054008150982 0.345926298359015
0.111607957832732 0.541235255232038
-0.00527492525109141 0.527780674367791
0.0723651043252042 0.629755230113542
-0.160156843660241 0.719542109979368
0.0401544260059991 0.808687187670122
-0.190284838002301 0.5120022610365
-0.160156843660241 0.719542109979368
-0.00527492525109141 0.527780674367791
-0.160156843660241 0.719542109979368
-0.242441022561221 0.689746131423281
0.693348869372455 -0.649042592766117
-0.000428393907021513 -0.0674300422626182
0.0204281625073853 -0.0262169520579805
0.0200279622339752 -0.0333093478763724
0.00111919111395505 -0.0587933848272257
-0.0644078367000809 0.0382371465115035
0.0359696765874175 -0.0938247797125974
0.00463487113156519 -0.0606764969171225
-0.00496674343632748 -0.0287204175986809
-0.01058036947301 -0.0320443700133139
-0.000662593821524324 -0.0293027702757701
-0.0443682680335974 0.581618394507241
0.0894380354694078 -0.51146637667363
0.0894380354694078 -0.51146637667363
0.0894380354694078 -0.51146637667363
-0.0542121058799587 -0.2391434988029
-0.167234010484281 0.0145729597164984
0.218615376725526 0.0619167510869119
0.214726009656388 0.00543164300132146
0.325155945266111 -0.00970512021435682
-0.147600187360824 0.0427614802761492
-0.167234010484281 0.0145729597164984
-0.244988019315738 0.0344480747951161
0.750446278412084 -0.711780693448173
0.321255998755723 -0.136427630454433
0.750446278412084 -0.711780693448173
0.559113990011218 -0.532417272110049
0.322596482090265 -0.241771905302844
0.212177269339518 0.350832653706731
-0.0768713857836798 0.385747556646539
-0.326992701497647 -0.037898634014594
-0.389036780864683 0.0454824888802117
-0.247034653719901 0.122137092095049
0.232351493546699 0.151519287759364
-0.190284838002301 0.5120022610365
-0.371247153076492 0.545087877853878
-0.190284838002301 0.5120022610365
-0.302900272876871 0.64379557869354
-0.00402254115114076 0.691034736999282
0.331336615294074 -0.384174268832598
0.331336615294074 -0.384174268832598
0.463175784766622 -0.380250528362291
0.00463487113156519 -0.0606764969171225
-0.0332979081593702 0.00863609071515792
-0.0318038422108114 -0.0267005893431491
-0.0228525804355686 0.0387667797442509
-0.0228525804355686 0.0387667797442509
-0.0621536996969692 0.100326514734132
0.00482345620734612 -0.00368405473396061
-0.0228525804355686 0.0387667797442509
-0.0166578742195783 -0.00350609125413381
-0.0644078367000809 0.0382371465115035
-0.00502500158757872 0.070734834189392
-0.0332979081593702 0.00863609071515792
0.00463487113156519 -0.0606764969171225
-0.0586143713545088 0.113188533847094
-0.0586143713545088 0.113188533847094
0.020916306979904 0.0904343267742643
0.0431459824604381 0.0437534741811577
0.0439999983779623 -0.0828531618222984
-0.00297119622457553 -0.0517286035520044
0.0259682930662589 0.0223904857456187
-0.00502500158757872 0.070734834189392
0.0608283676760751 -0.00236493287298589
-0.207373475799889 0.150340982294965
0.110485034069561 0.0509766133257672
0.211177308759871 -0.0572556720001148
0.325155945266111 -0.00970512021435682
0.315505291497515 0.0122131297066672
0.315505291497515 0.0122131297066672
0.176086318195227 0.163754538811287
0.64476492679537 -0.345103892155888
0.322596482090265 -0.241771905302844
0.114133459767866 0.0582797569696272
-0.326992701497647 -0.037898634014594
-0.267369429914187 0.0854746809245433
-0.0615054008150982 0.345926298359015
-0.247034653719901 0.122137092095049
-0.405597269461926 -0.00461156872879143
-0.383746607776071 0.108348678004879
-0.195062402718938 0.230309164934881
0.150125071728653 0.191673644941623
-0.379704254917016 0.676486449797
-0.0061455662858048 -0.0217142210690967
-0.0235124530518811 0.131611156360066
-0.0617276503043882 0.168301514085737
-0.0607792400396462 0.0794435354617061
-0.0823364940909023 0.140980701982934
0.020916306979904 0.0904343267742643
-0.0020797175069505 0.075944277372305
-0.0235124530518811 0.131611156360066
0.0377520030456209 -0.0338597907407867
-0.014890879687623 0.560885468995941
-0.019898408453525 0.58011266227547
0.128294428279386 0.286831720961723
-0.147600187360824 0.0427614802761492
-0.135511295715714 0.142274878350353
0.552511113838064 -0.56474488137839
0.322596482090265 -0.241771905302844
0.74402412539966 -0.711564242244383
0.74402412539966 -0.711564242244383
0.321255998755723 -0.136427630454433
0.212177269339518 0.350832653706731
-0.15748573087516 0.495409817410818
-0.0093933776136364 0.235255824095603
-0.195062402718938 0.230309164934881
0.0348370780835533 0.346194960624304
-0.00527492525109141 0.527780674367791
0.264482301954786 0.26033940994865
0.128600001179974 0.336709375022354
0.0798838211569277 0.443117037874524
0.232351493546699 0.151519287759364
0.289967126605966 0.158647127300578
0.150125071728653 0.191673644941623
0.289967126605966 0.158647127300578
0.00272733500668401 -0.0244430483100602
-0.0632482113462335 0.144660063742792
-0.01447559840777 0.0715036736102251
0.0140386366546708 -0.0321704214940018
-0.102506048764355 0.06605377130779
-0.0823364940909023 0.140980701982934
0.0662478479418047 -0.0458501451433995
0.0662478479418047 -0.0458501451433995
0.0377520030456209 -0.0338597907407867
-0.0587695238864029 0.47156739852712
0.0701981111435135 0.211058811221795
0.0701981111435135 0.211058811221795
-0.158875442540677 0.231907221389609
-0.207373475799889 0.150340982294965
-0.158875442540677 0.231907221389609
-0.0072084182398971 0.299032485296454
-0.207373475799889 0.150340982294965
-0.202368776077943 0.0767425017684435
-0.267959926261913 0.380427984978987
0.151004081315675 -0.202479675217643
0.307539229832648 1.14509004407568
0.177130954199889 -0.448934396943451
-0.267959926261913 0.380427984978987
-0.106155164203559 0.0124177670756714
-0.155254358833956 -0.320175604439774
-0.019898408453525 0.58011266227547
-0.0443682680335974 0.581618394507241
0.0446815307893076 0.18898014083855
0.136105006457441 0.140742792470504
0.136105006457441 0.140742792470504
-0.0467295856926244 0.256387825956721
0.176086318195227 0.163754538811287
-0.381959661630349 0.0567422201654287
-0.307304361492947 -0.105635937608596
-0.389036780864683 0.0454824888802117
-0.405597269461926 -0.00461156872879143
-0.239392431423155 -0.0252705041582966
-0.239392431423155 -0.0252705041582966
-4.7469105488307e-05 0.379874662494455
-0.15748573087516 0.495409817410818
-0.168544054254331 0.394987484509389
0.322596482090265 -0.241771905302844
-0.0093933776136364 0.235255824095603
0.139575773769559 -0.0209672456770113
0.282702243488081 -0.363002640037363
-0.0093933776136364 0.235255824095603
-0.109008957628856 0.0834290193332868
-0.109008957628856 0.0834290193332868
0.265178967841247 0.123952287080139
0.0682794959825658 0.0820736488321428
0.00272733500668401 -0.0244430483100602
-0.0061455662858048 -0.0217142210690967
0.0301488337045245 0.00972976629243616
0.0229012528192931 -0.0209975743516246
0.0238125393847526 -0.00396448179585107
0.00336599744103557 -0.00947241624334649
0.0253410230677625 -0.0283491799872652
0.0550837934439218 -0.0457551264445644
0.0550837934439218 -0.0457551264445644
-0.0823364940909023 0.140980701982934
0.00482345620734612 -0.00368405473396061
0.0913925411391895 0.752381177648881
0.26151182908262 0.601735745185717
-0.204845654286055 -0.74262099477872
0.0446815307893076 0.18898014083855
0.15366103628491 -0.359281832358164
0.136105006457441 0.140742792470504
0.0308364831034087 -0.0106423694540017
0.0258723111209203 0.0356584892064966
0.128294428279386 0.286831720961723
-0.135511295715714 0.142274878350353
0.264482301954786 0.26033940994865
0.0455699166793659 0.0154970845766036
-0.12367230041737 -0.301833124759865
0.195040321126291 0.111550778234361
0.0377520030456209 -0.0338597907407867
0.0301488337045245 0.00972976629243616
0.0229012528192931 -0.0209975743516246
0.00111919111395505 -0.0587933848272257
-0.000662593821524324 -0.0293027702757701
0.059307565628251 -0.00504495154751916
0.54411455164869 0.887780245472286
0.100506199239768 0.898419218150569
0.100506199239768 0.898419218150569
-0.014890879687623 0.560885468995941
0.259244785465366 -0.242376406485298
0.167088727753908 0.468426933632635
0.26151182908262 0.601735745185717
-0.155254358833956 -0.320175604439774
0.0409115820293876 -0.665698490244019
0.0888429782330801 -0.776003000549509
-0.0734081560211974 -0.323433567080803
-0.155254358833956 -0.320175604439774
0.189247265105498 -0.268659439554669
0.265178967841247 0.123952287080139
0.0864908138866585 0.303773505396887
-0.239392431423155 -0.0252705041582966
-0.0446732109084046 -0.251078897731878
0.232351493546699 0.151519287759364
0.289967126605966 0.158647127300578
0.236688287031421 0.0714554527392481
0.236688287031421 0.0714554527392481
0.163850196826525 -0.0422047268530497
0.236688287031421 0.0714554527392481
0.254942131730041 0.0662740962174486
0.193156364192664 -0.0450216201538283
0.244072978257192 0.0127480759752484
-0.0864424064090485 -0.049576496288969
0.0790766687085923 -0.142239826548312
0.0867912268759078 0.0181890553691116
0.127692485134119 -0.0018493859361472
-0.116288492823942 -0.199561732503569
0.144303803167749 0.012131429142245
0.0112719187635006 -0.190838134531375
0.120848769531611 -0.0236882311342349
0.0790766687085923 -0.142239826548312
0.101185849864021 -0.0912998440455605
-0.00644669993934599 -0.0421699932735345
0.101185849864021 -0.0912998440455605
0.144303803167749 0.012131429142245
0.120848769531611 -0.0236882311342349
-0.0864424064090485 -0.049576496288969
0.104035479362408 -0.024538233557316
0.077064435956222 -0.0495921871087277
0.0387909574829087 -0.150416737712638
-0.0061455662858048 -0.0217142210690967
0.0685602173054976 -0.0998123656893118
0.00336599744103557 -0.00947241624334649
0.0379772710402596 0.0207792642829255
0.059307565628251 -0.00504495154751916
0.0361248918714231 0.0508658091661314
0.134780425119625 -0.0239982641056829
0.059307565628251 -0.00504495154751916
0.528813504183072 1.08718584567941
0.167088727753908 0.468426933632635
0.273960170546281 0.644482380060392
0.295636096826593 0.542211019485701
0.0462758517080008 -0.522378210857419
0.290074674216471 -0.190732111913778
0.290074674216471 -0.190732111913778
0.193571683468509 -0.529089205295471
0.233398556369695 -0.178577207062534
0.198455769710276 -0.64722296989663
0.163753516959577 -0.199909736072607
0.0992757407272206 -0.384158279712825
0.0888429782330801 -0.776003000549509
-0.323203728778965 -0.14518183175667
-0.0119190597878602 -0.563883220047297
0.186625624079502 0.356944444592889
0.0446815307893076 0.18898014083855
0.0827773914000802 -0.252951143385536
0.0455699166793659 0.0154970845766036
0.128196630354781 -0.0836145750702859
-0.069652940953668 0.16913956247806
0.127692485134119 -0.0018493859361472
-0.106609861735833 -0.160446857505694
-0.0864424064090485 -0.049576496288969
0.0805464367482198 -0.0784003447754787
0.0498952956136356 -0.0860076075486438
0.154261219194094 -0.0466705736468134
0.117504466639827 -0.0887587814241523
0.528813504183072 1.08718584567941
0.259244785465366 -0.242376406485298
0.289881116730682 -0.982113964925869
0.130407900379932 -0.450692456875009
0.0585694260952037 -0.246191102123375
0.0496929596468176 -0.316565063533139
0.0496929596468176 -0.316565063533139
0.107711844958916 -0.20991706222631
-0.0164540171714195 -0.103228502782165
0.0585694260952037 -0.246191102123375
0.0859767820747007 -0.107004841006877
0.0150350884843199 -0.178379928822658
0.189247265105498 -0.268659439554669
0.198455769710276 -0.64722296989663
-0.346017829700117 -0.755766165855133
-0.171139227836276 -0.320158277992924
-0.491852513359413 -0.0178502127226032
-0.329019383253558 -0.139602745551139
-0.329019383253558 -0.139602745551139
-0.323203728778965 -0.14518183175667
-0.451014567525248 0.21573066560583
-0.323203728778965 -0.14518183175667
-0.597287911027014 0.153433287788952
0.750693184073579 0.875412973099235
0.664606940912182 1.18289712498208
0.521986827007053 1.04552849580477
0.174713386215049 -0.300008384365748
0.128196630354781 -0.0836145750702859
-0.12367230041737 -0.301833124759865
-0.0403501762975474 -0.178866652080505
0.254942131730041 0.0662740962174486
-0.0864131417451766 0.0142983152300006
-0.116288492823942 -0.199561732503569
-0.140299108393456 -0.207929435702675
-0.108303373061291 -0.211825686943591
-0.0972185353059195 -0.16902587920787
-0.0972185353059195 -0.16902587920787
-0.118266447756471 -0.0810356242409345
-0.0627260814455374 -0.159361076320008
-0.0987075828318572 0.0690916361209418
-0.118266447756471 -0.0810356242409345
0.0515097420906289 -0.212720283988902
0.0912960472826809 0.0764490658068984
0.0840076844180118 -0.0536604879385378
0.0892213181302302 0.150969648238378
0.0553088913436366 -0.21896435048815
0.112346025751471 0.137363679386229
0.0387909574829087 -0.150416737712638
0.0553088913436366 -0.21896435048815
0.186666585724811 0.290885639347285
0.112346025751471 0.137363679386229
0.073100204047566 0.0554339160123219
0.154261219194094 -0.0466705736468134
0.154261219194094 -0.0466705736468134
0.0228525617943182 -0.0474578203054933
0.0580979079527958 -0.1851565280398
-0.0607790287193144 -0.25940102262238
0.0161375057861429 -0.140514697598482
-0.217851852481168 -0.760978240526479
-0.694609693349185 0.419968836029385
-0.485284597673669 -0.0131348020118462
-0.485284597673669 -0.0131348020118462
0.54411455164869 0.887780245472286
0.52828659961064 0.693166718626588
0.174713386215049 -0.300008384365748
0.15366103628491 -0.359281832358164
-0.0446732109084046 -0.251078897731878
-0.202719750566509 -0.261093761226657
0.0725207900398803 -0.0274517628028271
-0.103101818939225 -0.06216531327043
-0.0814844314688825 0.162944913312029
-0.100642599843653 -0.270243185524019
-0.103101818939225 -0.06216531327043
0.0463785681196878 0.120830227633259
0.0463785681196878 0.120830227633259
0.0613826198122397 -0.124893535076413
0.00377545786596101 -0.165793401442318
0.0725207900398803 -0.0274517628028271
0.00420461237084957 0.201249882103983
-0.0398433252837728 0.119762161136793
-0.106609861735833 -0.160446857505694
-0.106609861735833 -0.160446857505694
0.184372038424174 -0.144646162645128
-0.0737772687179815 -0.132634027220837
0.0628424896748782 -0.130674958986023
-0.0959920837850332 -0.0744436518442328
0.0112719187635006 -0.190838134531375
-0.0490604727361658 -0.138098257292335
0.0417690422258439 -0.0709349326066591
-0.0627260814455374 -0.159361076320008
0.229119845038612 -0.0292226949190861
0.0805464367482198 -0.0784003447754787
-0.0987075828318572 0.0690916361209418
0.0480607817314361 0.167389179486764
-0.0627260814455374 -0.159361076320008
0.0643517385455969 -0.165207796715945
0.15605773777735 -0.145984679180636
0.179729823609861 0.154412002635214
0.0442648912890273 0.0390443224940437
-0.00373545081709403 -0.0667975833544366
0.0482197867096574 -0.131056981949537
0.030838418865777 0.00623419933492775
0.0859767820747007 -0.107004841006877
0.0859767820747007 -0.107004841006877
-0.024003547078956 0.0121971312129421
0.0333934876686976 0.0341012933248825
-0.0260309766454201 -0.0604914967450844
0.0242213289237546 -0.0512956925275591
0.0580979079527958 -0.1851565280398
-0.0173684221038194 -0.149902426258009
0.107711844958916 -0.20991706222631
-0.0607790287193144 -0.25940102262238
0.0462758517080008 -0.522378210857419
-0.0811359764693262 -0.144200993453985
-0.0811359764693262 -0.144200993453985
-0.0754518538861844 -0.0284817514622179
0.0496929596468176 -0.316565063533139
0.00168772275605514 -0.0678973045548796
-0.0218511575489509 -0.0103019784556492
0.00168772275605514 -0.0678973045548796
0.00828687488515509 -0.0419453900206255
-0.217851852481168 -0.760978240526479
0.196281971339468 0.0361731704142284
-0.721744966307533 0.189243378110339
-0.597287911027014 0.153433287788952
-0.459795866466415 0.0303706421774154
0.521986827007053 1.04552849580477
0.52828659961064 0.693166718626588
0.663223317857284 1.03884736917465
0.664606940912182 1.18289712498208
0.0725207900398803 -0.0274517628028271
-0.0398433252837728 0.119762161136793
-0.0540586311553084 0.225146901616362
0.0277633950524442 0.167379559751566
0.00420461237084957 0.201249882103983
-0.0908954287400824 -0.0327732796781485
0.184372038424174 -0.144646162645128
-0.0490604727361658 -0.138098257292335
0.0641555623722011 0.0801945960176118
0.0417690422258439 -0.0709349326066591
0.106085193100599 -0.0324613974913029
-0.00876944447561956 -0.00611608777511996
-0.105367363255903 0.07221263555101
-0.105367363255903 0.07221263555101
0.106085193100599 -0.0324613974913029
0.0405016075442471 0.324400689606785
-0.0495969460956693 0.216710700062145
-0.0495969460956693 0.216710700062145
-0.225709247676392 0.02402630773236
-0.218556420607424 0.0165454720403831
-0.215821141195741 0.105016741016707
0.0405016075442471 0.324400689606785
0.0405016075442471 0.324400689606785
-0.112611989748461 0.086470101324126
-0.126931810256018 0.104361522206694
0.0912960472826809 0.0764490658068984
0.151140094855675 0.0896967201947782
0.0663424257127282 0.107962879829176
0.0553088913436366 -0.21896435048815
0.179729823609861 0.154412002635214
0.120316372762604 0.108907304193685
0.179729823609861 0.154412002635214
-0.024003547078956 0.0121971312129421
-0.022992672182483 0.0347978264287356
-0.022992672182483 0.0347978264287356
0.0313805665897582 -0.19685611261238
0.0136580764488659 -0.115701239696468
-0.00297119622457553 -0.0517286035520044
-0.22654606749265 0.177287528527582
0.0158504329294192 -0.00165212989979646
-0.346017829700117 -0.755766165855133
-0.224110227711752 -0.453053529760903
-0.413837457258984 -0.439480263480625
-0.404868599273695 -0.303702847337471
-0.404868599273695 -0.303702847337471
-0.459795866466415 0.0303706421774154
-0.404868599273695 -0.303702847337471
-0.213414385396075 -0.51699406523708
-0.172448740691843 0.0190716282577704
-0.0485535806732008 -0.217342349473019
-0.186471758409902 -0.515265880454144
0.108529613220111 -0.13936708736207
-0.204845654286055 -0.74262099477872
0.173914032389304 0.282544219223906
0.196281971339468 0.0361731704142284
-0.0734081560211974 -0.323433567080803
0.108529613220111 -0.13936708736207
-0.0838267755366897 -0.236061398895476
0.486182141196308 0.469051188894383
0.196281971339468 0.0361731704142284
0.00766135936948387 0.45359524360107
0.462915929314664 0.803810738216922
0.00766135936948387 0.45359524360107
-0.597287911027014 0.153433287788952
-0.59088348641374 0.0877834082453825
-0.59088348641374 0.0877834082453825
-0.0260618437055217 0.0473187546657057
0.136321903733634 0.165370024655013
-0.118250911154257 -0.027008169865381
-0.0768973806996998 -0.0999758121749541
0.184372038424174 -0.144646162645128
0.184372038424174 -0.144646162645128
0.0682591678479728 -0.0547305895836419
0.185262608356924 -0.0606787816511934
0.134429954927202 -0.107298381523781
0.186076757664215 -0.143428270065721
0.101139831621456 -0.0201459227440467
0.185607838412571 -0.10146941076993
0.0110081824362205 -0.0411083437011239
0.185607838412571 -0.10146941076993
0.15222684862786 0.00132642526756122
0.2286475591562 -0.0449803245260501
0.0682591678479728 -0.0547305895836419
0.0805874376348457 0.000409978944890144
0.0682591678479728 -0.0547305895836419
0.185262608356924 -0.0606787816511934
0.174684572824109 0.144532945692795
0.15222684862786 0.00132642526756122
0.113154038469852 -0.0356573946991208
0.0582719510985076 -0.0194937292198515
0.0684685132318379 0.182089368815561
0.0394267951575573 0.0160515409523386
0.0582719510985076 -0.0194937292198515
0.0362755006614374 0.00499366692701897
0.162722986151668 0.089897763448046
0.0888205544162199 0.0233914830496096
-0.0268546932249552 0.00882392168981794
0.0827000371886957 0.0502385084149556
0.0394267951575573 0.0160515409523386
0.0362755006614374 0.00499366692701897
-0.0231489266219918 0.0151913554242729
0.16574204055429 -0.0808208937684061
0.104035479362408 -0.024538233557316
0.106085193100599 -0.0324613974913029
0.0641555623722011 0.0801945960176118
0.186666585724811 0.290885639347285
0.016972866139755 0.285088670408807
0.147400448974209 -0.0972326368366354
0.261160215803393 0.273730354708661
-0.0141959582300782 0.0374425634969219
0.261160215803393 0.273730354708661
0.186666585724811 0.290885639347285
-0.168123409092603 0.0700030270870176
0.0177800539692204 -0.0807994302104216
0.0480607817314361 0.167389179486764
-0.0785610092303649 0.0913669834226858
0.0117372559348288 0.00911361759390272
-0.139291816434335 -0.0429282185560209
0.00491662341168242 0.193557243064306
-0.0540586311553084 0.225146901616362
0.306570694555838 0.206877000345406
0.073100204047566 0.0554339160123219
-0.0173684221038194 -0.149902426258009
-0.0849690956172182 -0.126117021021799
0.0158504329294192 -0.00165212989979646
0.00217864407490015 -0.0259173031860161
-0.0989529343868926 0.042494391612252
-0.413837457258984 -0.439480263480625
0.000337913778320709 0.0632599528444214
-0.118580969308545 0.122495382783391
-0.172448740691843 0.0190716282577704
-0.118580969308545 0.122495382783391
0.00420461237084957 0.201249882103983
0.0277633950524442 0.167379559751566
0.0996485638738981 0.044039260501563
0.136321903733634 0.165370024655013
0.0972622429553583 0.151558697937378
0.185737778693792 0.154534845929104
0.0682794959825658 0.0820736488321428
-0.0959920837850332 -0.0744436518442328
-0.106874958632711 -0.0978641206619377
-0.135143210996912 -0.0169532290812352
-0.105367363255903 0.07221263555101
-0.0768973806996998 -0.0999758121749541
0.16574204055429 -0.0808208937684061
0.0430172229318646 0.000373880590025299
0.011075654304725 0.136623444708247
0.0445248224175259 0.31241496837338
-0.0445083229546515 0.246865364333959
0.232382780758233 0.125259294507151
0.232382780758233 0.125259294507151
0.162722986151668 0.089897763448046
0.0254759819001499 0.0409512135485882
-0.0231489266219918 0.0151913554242729
-0.0990285790165995 0.0150843473438765
-0.114696631762443 0.00657665503000937
-0.197517701864155 -0.154061373162045
0.242327274867855 0.0877854061426511
-0.215821141195741 0.105016741016707
-0.112611989748461 0.086470101324126
-0.118250911154257 -0.027008169865381
-0.112611989748461 0.086470101324126
-0.118250911154257 -0.027008169865381
-0.0230503284120143 0.0316204726606696
-0.0777604927988604 0.164317943742968
-0.0849690956172182 -0.126117021021799
0.119333763275225 0.177504707571645
-0.0526892794689379 -0.067255194873707
0.0430172229318646 0.000373880590025299
0.0419806796632782 0.171628242358365
0.0270354782829788 0.0166229248226726
0.0133136612382737 0.147799392452628
0.232382780758233 0.125259294507151
0.172991685248758 0.313801617397501
0.169437505191125 0.343975696845907
-0.220958096447919 0.102915046890442
0.0445248224175259 0.31241496837338
0.0862658301754217 0.336449465725933
0.200213598686372 0.15690434361354
-0.101770316689534 0.201030637684453
0.18328788019254 0.352295992388543
0.0862658301754217 0.336449465725933
0.0237178294535697 -0.0147967192950152
0.129732202007524 0.0422700615152608
0.039623027797541 -0.110515863095327
-0.0764438931569209 0.0248304505400833
0.097200820581446 0.301181639062449
0.0422842531784995 0.139153277852696
0.165021797091653 0.145501138324209
0.0265587713097255 0.209208906268426
0.159672670652152 -0.0553108040855778
0.097200820581446 0.301181639062449
0.178836945763084 0.016764456234338
0.178836945763084 0.016764456234338
0.103150173613751 -0.0495874834459635
0.129732202007524 0.0422700615152608
0.0712708189705877 -0.0733052122088846
-0.109933772553055 0.0638702603625127
-0.109933772553055 0.0638702603625127
-0.207256611453117 0.0272326559373146
-0.0985949979047456 0.0038355632222421
-0.043972507614406 -0.169313231404723
-0.14634739523561 -0.165613788040207
-0.197517701864155 -0.154061373162045
-0.144464528359791 -0.0745281722258635
-0.064949674535971 -0.198090427664574
-0.043972507614406 -0.169313231404723
-0.218556420607424 0.0165454720403831
0.242327274867855 0.0877854061426511
0.218726694049827 0.0446024359187653
0.324789776510163 0.161610352128078
0.218726694049827 0.0446024359187653
0.218726694049827 0.0446024359187653
0.122401784608127 0.167092899598123
0.0339471136097459 0.0491051809913032
0.0891205076275062 -0.0520430634491323
0.0891205076275062 -0.0520430634491323
0.0532964132642232 -0.141927403855031
-0.0135222739057885 -0.0900117864694454
-0.0869618320699003 0.107812532362192
-0.225709247676392 0.02402630773236
-0.126931810256018 0.104361522206694
-0.0740364196710923 0.183662537239223
-0.0540586311553084 0.225146901616362
-0.0785610092303649 0.0913669834226858
-0.0708431737014588 -0.28052974734837
-0.104338578812429 -0.0504900701087061
-0.139291816434335 -0.0429282185560209
0.0111890652516513 -0.0349529436656177
-0.139291816434335 -0.0429282185560209
0.0103476915850935 -0.0103163396901676
-0.0675919324018865 -0.125614522762652
0.135915060931245 0.098720345310824
0.108447046242102 -0.0357505586817186
0.135915060931245 0.098720345310824
0.00444872003112429 -0.138315252724429
0.090886903576596 0.0851714171694936
0.0342458999931213 0.091942624114341
-0.0708431737014588 -0.28052974734837
-0.0602162756511698 -0.263924356091898
0.00444872003112429 -0.138315252724429
-0.106760114519692 0.195575180298696
0.0419806796632782 0.171628242358365
0.0133136612382737 0.147799392452628
0.0539239924602877 0.26629491702989
0.0312131417494187 0.299796167096922
-0.00875354863768299 0.125144392451663
0.174684572824109 0.144532945692795
0.011075654304725 0.136623444708247
0.032701905781692 0.0110125919542986
-0.162294255836543 0.0356564550638531
0.0265587713097255 0.209208906268426
0.0712708189705877 -0.0733052122088846
-0.0235348795620069 -0.0153858484844274
-0.0674631961758388 -0.0103004183082859
0.103150173613751 -0.0495874834459635
0.0177800539692204 -0.0807994302104216
-0.0722310132145204 -0.0938508082159872
-0.0722310132145204 -0.0938508082159872
-0.112716665918143 0.15306893240225
-0.0989966421271151 -0.0180129621164363
-0.0674631961758388 -0.0103004183082859
-0.0329011628135994 0.172998854193992
-0.0652606273460599 -0.0455303332021794
-0.0211752334715565 -0.0438907535746416
-0.103745671635875 0.031737992184091
-0.112716665918143 0.15306893240225
0.0206244655067797 -0.0588124406988694
-0.00654245221071703 0.331320428159638
0.0841342578519473 0.0833653919516816
0.0532964132642232 -0.141927403855031
-0.0329011628135994 0.172998854193992
-0.22976749116009 0.261397516656401
0.229189863907638 0.219494529025003
-0.365218871047567 0.139546894814489
0.0841342578519473 0.0833653919516816
-0.346055818804927 0.225261044615771
0.0841342578519473 0.0833653919516816
0.293673098372265 0.00688409826696224
-0.225589727579616 0.0837920408507137
-0.109933772553055 0.0638702603625127
-0.207256611453117 0.0272326559373146
-0.19638653055342 -0.0142156488798099
-0.0985949979047456 0.0038355632222421
-0.0211139119205669 0.0445362185898794
-0.197517701864155 -0.154061373162045
0.0518653088436974 -0.0838730157930864
-0.0445083229546515 0.246865364333959
0.00625899017232612 0.10992834919669
-0.0230503284120143 0.0316204726606696
0.0111890652516513 -0.0349529436656177
0.0996485638738981 0.044039260501563
0.0714999197922787 0.0754955949892235
0.0198049666564382 0.0269943061165643
-0.327830647989349 0.281925309545803
-0.0526892794689379 -0.067255194873707
-0.297119445276866 0.220152329406088
0.0237178294535697 -0.0147967192950152
0.032701905781692 0.0110125919542986
-0.223342080793565 -0.0538807322177431
0.0827000371886957 0.0502385084149556
0.0374755063560646 0.0362129298177366
-0.0456874963197056 -0.0248231346345855
-0.0211139119205669 0.0445362185898794
-0.0180883508753613 0.0262813410201806
-0.0764438931569209 0.0248304505400833
-0.0764438931569209 0.0248304505400833
0.192248586003057 0.0602464510219327
-0.0211752334715565 -0.0438907535746416
-0.0474646498622492 0.078665286495375
-0.232230595783473 0.0683819150709117
-0.232230595783473 0.0683819150709117
-0.00401794937755662 -0.0379718201450707
-0.365218871047567 0.139546894814489
0.115971513741893 0.0493997063966177
-0.0696379234038979 0.10445730115667
0.115971513741893 0.0493997063966177
0.184837218919642 0.0218895446043774
-0.0696379234038979 0.10445730115667
-0.00856474799537144 -0.0162628083190774
0.478194643905296 0.0527198319209226
0.016808910109707 -0.184002081955374
-0.184706364536873 -0.00340661935605868
-0.132147558668239 -0.0644051257142875
-0.162129590166141 -0.0442073996528581
-0.0505027390457933 -0.0144756623519473
0.10421537375273 0.0119376683633233
-0.207982590128333 -0.0506119297767273
-0.207982590128333 -0.0506119297767273
-0.0985949979047456 0.0038355632222421
-0.114696631762443 0.00657665503000937
-0.161225142539996 -0.00053439072544037
-0.234619659482769 -0.065494450196385
-0.0675919324018865 -0.125614522762652
-0.0260618437055217 0.0473187546657057
-0.0260618437055217 0.0473187546657057
0.0342458999931213 0.091942624114341
-0.208106446853871 -0.0261320735773196
-0.47877986536084 0.452809459019419
-0.559013792962216 0.703166835175337
-0.297119445276866 0.220152329406088
-0.204228312736511 -0.0169404453199247
-0.0703668626271334 -0.0518045527207507
0.213520939292231 0.0515503423184627
-0.117586136960735 -0.105126676001995
0.00831629833676162 0.288814624683538
0.478194643905296 0.0527198319209226
0.293673098372265 0.00688409826696224
0.377522334269007 0.211587659588042
0.254156079956014 -0.090462116077638
0.577693268954127 0.0331977304610127
-0.132147558668239 -0.0644051257142875
0.0386310856275976 -0.0199086475815969
-0.418594218239334 0.170105248510955
-0.297119445276866 0.220152329406088
-0.47877986536084 0.452809459019419
-0.623609457032531 0.471017779060618
-0.59088348641374 0.0877834082453825
-0.344190988563977 0.450605996434469
-0.327830647989349 0.281925309545803
-0.371247153076492 0.545087877853878
-0.0945055983363701 0.214316065815945
-0.416608087549652 0.740205591766822
-0.416608087549652 0.740205591766822
-0.416608087549652 0.740205591766822
-0.0347044777742023 0.0163356478549938
-0.161225142539996 -0.00053439072544037
-0.204228312736511 -0.0169404453199247
-0.204228312736511 -0.0169404453199247
-0.265550891186425 -0.0556330603771871
-0.259639775799353 -0.0579129101903844
-0.108159986704709 -0.0549713551419502
-0.265550891186425 -0.0556330603771871
-0.108159986704709 -0.0549713551419502
-0.239421106018692 -0.0452927460342234
0.0830124749908799 0.00238507886021588
-0.265550891186425 -0.0556330603771871
-0.239421106018692 -0.0452927460342234
-0.0456874963197056 -0.0248231346345855
-0.0696379234038979 0.10445730115667
0.0548718820322329 0.0217448083059424
-0.227861517097678 -0.162231497678596
-0.346055818804927 0.225261044615771
-0.379609042644656 -0.0633896491177051
0.00831629833676162 0.288814624683538
-0.00654245221071703 0.331320428159638
0.00831629833676162 0.288814624683538
0.445924992898645 0.0244607715963769
-0.344190988563977 0.450605996434469
-0.35959646696413 0.0798572051882219
-0.168544054254331 0.394987484509389
-0.204240833672689 -0.0289983192794641
-0.230416200080048 -0.0815580144116608
-0.171242751775676 -0.0499769253975841
-0.117047641048725 -0.062366648108285
0.207902345025988 0.024092079312013
-0.0100344580480748 -0.114028510139404
-0.357561482045378 0.0233942414257706
-0.227861517097678 -0.162231497678596
-0.0842723698833802 -0.401442759667634
-0.324353742309378 -0.332102499861477
-0.077513455701042 -0.369361062476761
0.336471481302361 -0.234362733895098
-0.379609042644656 -0.0633896491177051
-0.077513455701042 -0.369361062476761
-0.0380429532568696 -0.139441093780421
0.336471481302361 -0.234362733895098
0.119739916932138 -0.287214633030314
0.485692496853148 -0.00516584776431661
-0.0243033548547278 0.0488494062765197
0.485692496853148 -0.00516584776431661
-0.0527689877014487 -0.111588985291458
-0.0527689877014487 -0.111588985291458
0.321094034745761 0.137633960106651
0.217567504260188 0.247827767559277
0.221104601667872 0.0159784805768519
0.577693268954127 0.0331977304610127
-0.215123850703219 -0.0844326221256541
-0.0523698821743084 0.0275709799612891
0.213520939292231 0.0515503423184627
0.148414480253779 -0.0802370365395921
-0.0528098677198731 -0.0638598985066341
0.0425090360032541 -0.108269918245341
-0.0406487389990312 -0.0601014111836526
0.136789620353117 0.03782241379781
0.0684496879233729 -0.206269997409507
-0.0285356052360787 0.0491187626991889
0.148414480253779 -0.0802370365395921
0.0701368073758489 -0.130429606693097
-0.040061275645749 0.0951583336331379
-0.108652888140349 0.0785922707538431
-0.0243033548547278 0.0488494062765197
-0.0088102840692017 0.27552811309258
-0.107321714680534 0.15300855727249
0.221104601667872 0.0159784805768519
-0.230416200080048 -0.0815580144116608
-0.204240833672689 -0.0289983192794641
-0.104894735700983 0.00236640279280054
0.00184944149489297 -0.0050887552723542
-0.0523698821743084 0.0275709799612891
-0.119364244149422 0.0350820846002203
-0.119364244149422 0.0350820846002203
-0.18646583912936 -0.0381360446676351
-0.103098101509485 0.0585286896752912
0.0647258008338462 -0.0834489821679525
-0.044367450997266 -0.110273686221953
0.0493866313994111 -0.199661462407887
-0.044367450997266 -0.110273686221953
-0.18646583912936 -0.0381360446676351
-0.220958096447919 0.102915046890442
0.0425090360032541 -0.108269918245341
0.0684496879233729 -0.206269997409507
0.207902345025988 0.024092079312013
-0.0380429532568696 -0.139441093780421
-0.193309422534326 -0.0684639439277981
-0.193309422534326 -0.0684639439277981
-0.173793133678908 -0.0395798933450981
-0.178596848917983 -0.0505213490590988
-0.201397291829259 -0.0361391522749721
-0.0609229489352658 0.00141367461693576
0.0659692624027954 -0.293186117139962
-0.130111138381122 -0.0154366863863793
-0.160559584966334 -0.00307313979080059
-0.0334379653053031 -0.0554291095809034
-0.0181120622707307 -0.22246705669663
0.0830288700891237 -0.277277017276758
0.101316867811404 -0.278428623878124
0.0659692624027954 -0.293186117139962
0.0570721327800121 -0.200604181085572
-0.100529211492988 -0.0556965341815647
-0.119364244149422 0.0350820846002203
-0.201397291829259 -0.0361391522749721
-0.171242751775676 -0.0499769253975841
0.0701368073758489 -0.130429606693097
0.0570721327800121 -0.200604181085572
-0.0893033351083218 -0.23515213663346
-0.178596848917983 -0.0505213490590988
-0.0195709537394033 -0.0206751952322726
0.0830288700891237 -0.277277017276758
-0.051462420949713 -0.139162238479047
-0.0489409857699046 -0.103553238964605
-0.0421607951593731 -0.062692910032772
-0.0370173968778969 -0.276197295644521
-0.0195709537394033 -0.0206751952322726
0.0551908373727119 0.0337983995560989
-0.119138485437749 -0.151416237522843
0.0286252203095191 -0.0355779137312811
0.0286252203095191 -0.0355779137312811
-0.126553976075105 -0.161899369403741
-0.0421607951593731 -0.062692910032772
-0.0975522801566931 -0.180432514002554
-0.0370892497442566 0.0223953202750524
0.0488983139509952 -0.0437794935713838
-0.126553976075105 -0.161899369403741
-0.0208974549244224 -0.143096064877417
0.0286252203095191 -0.0355779137312811
-0.0609229489352658 0.00141367461693576
-0.0421607951593731 -0.062692910032772
-0.0217268510813847 -0.0916612253547073
-0.0334379653053031 -0.0554291095809034
-0.071984181893834 0.0460055726606816
-0.0370173968778969 -0.276197295644521
-0.0296925097387102 -0.196981915964169
-0.0255321649573609 -0.25261069711362
-0.0255321649573609 -0.25261069711362
-0.100529211492988 -0.0556965341815647
-0.100529211492988 -0.0556965341815647
-0.119138485437749 -0.151416237522843
-0.0489409857699046 -0.103553238964605
-0.0217268510813847 -0.0916612253547073
-0.0366293808700389 0.00608469018547009
-0.160559584966334 -0.00307313979080059
0.0433152691036537 0.0675995057304861
-0.0893033351083218 -0.23515213663346
-0.0975522801566931 -0.180432514002554
-0.160559584966334 -0.00307313979080059
-0.158323233253011 -0.0901091403749146
0.0433152691036537 0.0675995057304861
0.188540278727208 0.0729988611202697
-0.0430342000689018 0.00910313090359027
0.188540278727208 0.0729988611202697
0.192248586003057 0.0602464510219327
0.188540278727208 0.0729988611202697
0.110751521435311 0.00821668983349122
0.178836945763084 0.016764456234338
0.0606210520260824 -0.110109927507759
0.0548718820322329 0.0217448083059424
-0.071984181893834 0.0460055726606816
0.0220655208277853 -0.0761553252450426
0.0488983139509952 -0.0437794935713838
0.0433152691036537 0.0675995057304861
0.159672670652152 -0.0553108040855778
0.0606210520260824 -0.110109927507759
-0.0757104375068925 -0.104910968754601
0.144655717012336 0.0325565182745122
0.108808903220923 0.0774254005528188
0.00837039645571189 -0.0779336803787016
-0.0915720416292666 -0.166288334963033
0.230107584655089 0.0254372126169928
-0.158982208959736 -0.0754779301130057
-0.210812688705721 -0.00833071979488054
0.0858330758634858 0.0684714878246244
-0.199959810180185 0.0897206137652682
0.114204646513834 -0.00979619974237367
0.0858330758634858 0.0684714878246244
-0.232870374568127 0.0927202198919452
-0.103969063666086 0.0964495912353265
-0.255633952619146 -0.0677181364347297
-0.210812688705721 -0.00833071979488054
-0.204669879126346 0.109019387433571
0.181206311521689 0.00897672924976511
-0.199959810180185 0.0897206137652682
-0.22654606749265 0.177287528527582
-0.209724912318505 0.142847176479603
-0.0915983199357474 0.0747643289044266
-0.209724912318505 0.142847176479603
-0.0917472396423134 0.105387764807787
-0.0915983199357474 0.0747643289044266
-0.0925559270313881 -0.118918382236811
-0.232870374568127 0.0927202198919452
0.181206311521689 0.00897672924976511
0.650431400208272 0.0754443798068812
-0.0783605951627699 0.0914663069000037
0.049067030091775 0.0944287375392878
0.049067030091775 0.0944287375392878
0.0814371252478491 0.137409940616348
-0.0592268378795215 -0.0232882601966363
-0.168435066766447 0.0362523352677059
-0.0925559270313881 -0.118918382236811
0.116433894959691 0.0291519741310025
0.453017635544153 0.0504710155644899
0.556692251751111 0.181674291399938
0.86074815754022 0.0168160770233332
-0.0961055833998567 0.0815893911753873
-0.0915983199357474 0.0747643289044266
0.0769274629363101 0.0930746722552072
-0.137933098790752 0.134126858522937
0.136614841990613 0.0547941534307141
0.0771827179615853 0.0933491455452052
-0.13464847264101 -0.110792275798356
-0.00225808831257179 -0.0421856977638384
0.916423702517352 0.225396948701447
0.86074815754022 0.0168160770233332
0.866198976562159 0.0994048176201315
0.0305373343475885 0.00946784570548453
0.0233643382246491 0.0145793052283614
-0.13464847264101 -0.110792275798356
-0.00225808831257179 -0.0421856977638384
0.666230945017943 -0.597193234214801
0.556692251751111 0.181674291399938
0.556692251751111 0.181674291399938
0.937132802971817 0.0544430641120932
0.949484098019863 -0.275598404478789
0.720512303422546 0.106050303353514
0.937132802971817 0.0544430641120932
0.474169593326788 -0.178612718966524
0.805992578885399 0.0192856873172693
0.866198976562159 0.0994048176201315
0.59116866373377 0.0196323833798351
-0.00261859015027388 -0.0176022738437407
0.0814371252478491 0.137409940616348
0.0771827179615853 0.0933491455452052
0.0397386227085456 0.0714250693547859
0.0305373343475885 0.00946784570548453
0.0233643382246491 0.0145793052283614
-0.137933098790752 0.134126858522937
-0.00261859015027388 -0.0176022738437407
0.00828687488515509 -0.0419453900206255
0.0397386227085456 0.0714250693547859
-0.0218511575489509 -0.0103019784556492
-0.137933098790752 0.134126858522937
-0.053760675962802 -0.063083144500675
0.0420145869813077 -0.375012383628493
0.0420145869813077 -0.375012383628493
-0.161337445076408 -0.295817378366187
-0.0264255312353127 -0.702556216943152
0.59116866373377 0.0196323833798351
0.916423702517352 0.225396948701447
0.220680263862986 -0.00205404429235556
0.186953371697348 -0.0480965966135607
-0.0264255312353127 -0.702556216943152
0.190075882705199 -0.833740048339731
0.222603949550291 -0.939783243391332
0.0420145869813077 -0.375012383628493
0.666569948233276 -0.965480686226645
0.205872128858061 -0.0391467963222927
0.515605833817707 0.124001428610558
0.57072649220947 -0.00874279511940257
0.289881116730682 -0.982113964925869
0.220105197809883 -0.247806035721856
0.396189394604964 -0.796414440536952
0.340388022712448 -0.377343373388557
0.515605833817707 0.124001428610558
0.00727625057195858 0.0855122252285185
0.396189394604964 -0.796414440536952
0.30731746725034 0.32851874782079
0.668183659415408 -0.675454238767354
0.337055161291747 -0.464308094301113
0.899577037681315 -0.590917221632835
0.21712600411447 0.208388932953515
0.199379427914832 -0.209452281524844
0.199379427914832 -0.209452281524844
0.171942340853189 -0.150632727011583
0.396189394604964 -0.796414440536952
0.169348751642038 -0.241177575043005
0.526596342158416 -0.355510640216411
0.899577037681315 -0.590917221632835
0.365658292966948 0.233759530107849
-0.0337351794108871 0.157775501571171
0.365658292966948 0.233759530107849
0.21712600411447 0.208388932953515
0.73739596469771 0.407051851133167
0.8204966252574 0.38373419567724
0.8204966252574 0.38373419567724
0.0578553347683551 0.103359188390988
0.340388022712448 -0.377343373388557
0.337055161291747 -0.464308094301113
0.0559511627886313 -0.0847923237803163
0.0559511627886313 -0.0847923237803163
-0.0707451528282362 -0.0318351136694727
0.0559511627886313 -0.0847923237803163
0.340388022712448 -0.377343373388557
0.074609863329734 -0.277526117032918
0.145181056401665 -0.189019582360281
0.555953986251826 0.32767792847877
0.171942340853189 -0.150632727011583
0.213030672652859 0.176911844689192
0.376657292653258 0.655511034076163
0.169172341343027 0.391562954586729
0.30731746725034 0.32851874782079
0.0578553347683551 0.103359188390988
0.0166306023495497 0.215402330583449
0.0578553347683551 0.103359188390988
-0.0236063885053587 1.27777249747683
0.0762402001421923 1.26333427235036
0.0864792103036965 0.612145696292479
-0.080167313709497 0.0122580100224211
0.0684508066078643 0.0182661148944015
0.0684508066078643 0.0182661148944015
-0.0593054999644732 0.040629070237206
-0.061550204712314 0.0423219983968387
0.0161851522151498 0.0316162944574374
-0.032939241741382 -0.00841649229718072
0.0415278317526871 -0.0488889674444682
0.10308227732114 -0.0562380811636179
0.10308227732114 -0.0562380811636179
0.103223890297603 -0.0432781893628692
0.00523412781485851 0.138875096919824
-0.0345025957225034 0.118071848202008
0.00626019092601581 -0.071090303778389
0.0212951623914647 -0.0803077104634813
0.0955610986533057 -0.0675560660958051
0.0955899570828535 -0.0520563850052308
0.0955899570828535 -0.0520563850052308
-0.279690570133586 -0.115516445246695
-0.261242620566525 -0.000374964892192103
-0.193432125599002 0.0717758641124341
-0.199042332888452 -0.0809117780687008
0.033398968680767 -0.120754631100747
0.544135586087413 -0.277583402200436
0.0439999983779623 -0.0828531618222984
0.136564973529288 -0.0183634039047813
0.177130954199889 -0.448934396943451
-0.3766748923342 0.0762424506540073
-0.103299159515262 0.148074900956947
-0.0287853574165241 0.0351714157204158
-0.022992672182483 0.0347978264287356
-0.0352639048169759 -0.0917083078609945
0.018959943235287 -0.0819983970666899
0.0361248918714231 0.0508658091661314
0.0299809375726094 -0.0464745135215693
0.0379772710402596 0.0207792642829255
-0.0175886010468108 -0.027208712353323
-0.0175886010468108 -0.027208712353323
-0.0352639048169759 -0.0917083078609945
0.528813504183072 1.08718584567941
0.0378648072338407 0.329750242840965
-0.267369429914187 0.0854746809245433
0.0228525617943182 -0.0474578203054933
0.324789776510163 0.161610352128078
0.0592485217459706 -0.0950473100975904
0.130094537858126 -0.197876960739258
0.11486706616687 -0.284479558555057
-0.176431238916144 -0.207497744052892
-0.0838267755366897 -0.236061398895476
-0.0838267755366897 -0.236061398895476
-0.176431238916144 -0.207497744052892
-0.176431238916144 -0.207497744052892
0.0673213846725732 0.999772799543902
0.618234249775544 0.904811867221999
0.486182141196308 0.469051188894383
0.618234249775544 0.904811867221999
0.165402333969349 0.116587468153037
0.185737778693792 0.154534845929104
-0.0908954287400824 -0.0327732796781485
0.0388773454416835 -0.117588044301209
0.0388773454416835 -0.117588044301209
0.00431836385312762 0.0505002558167539
0.0888205544162199 0.0233914830496096
-0.0173858745475545 -0.0549610344128755
-0.0951226147342628 0.0160986106155574
-0.0201730387053923 -0.0268503211324089
0.0684685132318379 0.182089368815561
0.0862658301754217 0.336449465725933
-0.0467295856926244 0.256387825956721
-0.0230503284120143 0.0316204726606696
0.0206244655067797 -0.0588124406988694
0.0518653088436974 -0.0838730157930864
0.122194366432862 -0.0653451378503269
0.209414774236551 -0.00258846392519263
0.0237178294535697 -0.0147967192950152
-0.00694482942532341 -0.0270705357610103
-0.0266013126212017 -0.000192069615219559
-0.024411119484997 0.0203759289873328
-0.162294255836543 0.0356564550638531
-0.167467747042974 0.063461796627353
-0.18646583912936 -0.0381360446676351
-0.0100344580480748 -0.114028510139404
-0.0266910164747274 -0.0420997277718957
-0.0127968026545437 0.16725461404102
-0.0285356052360787 0.0491187626991889
-0.0478317949638724 0.0865046851743645
-0.117586136960735 -0.105126676001995
-0.0285356052360787 0.0491187626991889
-0.0285356052360787 0.0491187626991889
-0.0536275437347998 0.269049918535622
-0.0215284224453768 -0.14997911108935
0.0325291804802603 -0.0959680323093415
0.0178907714115788 -0.119466017498233
0.01001707396643 -0.067429391237682
0.01001707396643 -0.067429391237682
0.0868179616878142 0.0917306904144404
0.0850257265992121 -0.0814375904878268
0.01001707396643 -0.067429391237682
-0.22654606749265 0.177287528527582
-0.0925559270313881 -0.118918382236811
0.268155463854761 0.0178494725961106
0.805992578885399 0.0192856873172693
0.268155463854761 0.0178494725961106
0.735291598727965 -0.179108954388775
0.735291598727965 -0.179108954388775
0.805992578885399 0.0192856873172693
0.849529238796313 0.211857926946297
0.220105197809883 -0.247806035721856
0.0378581012632219 1.27406154662412
0.0378581012632219 1.27406154662412
0.0281019022766581 0.684495875542462
-0.0285562204732947 1.19804718248571
0.0677133093485482 0.606023717395551
-0.0630483400259906 0.227353755676674
0.0281019022766581 0.684495875542462
0.012172286918727 0.682208664429207
0.163709627819638 0.222041848948205
-0.0236489536189548 1.1957673037986
0.00546197433380913 0.590954980930657
-0.0285562204732947 1.19804718248571
-0.0427760353241364 1.23284604532951
0.012172286918727 0.682208664429207
0.0499926689526877 -0.0811147951741393
-0.0561345855062036 0.558178711602309
-0.0561345855062036 0.558178711602309
-0.166021663244122 -0.037638454114701
-0.226319574212632 1.14107041955548
-0.0778235817065702 0.618554328659167
-0.0236063885053587 1.27777249747683
-0.0427760353241364 1.23284604532951
-0.0426199624727922 0.817880352805165
-0.077750647839078 0.52889575478054
-0.0919269943777149 0.862738672715502
-0.0427760353241364 1.23284604532951
-0.00552077967917924 0.798439355268243
0.0122922590672539 0.747757972352025
-0.0778235817065702 0.618554328659167
-0.0112091888715666 0.183851106666171
-0.110584334997735 0.359694131761593
-0.135182477975395 1.2174634074269
0.0122922590672539 0.747757972352025
-0.00990690442140668 0.435760696217234
-0.077750647839078 0.52889575478054
-0.229245401632229 1.02965477610134
-0.130034430968677 0.957197249929573
-0.196124786134859 0.974702410481943
-0.229245401632229 1.02965477610134
-0.135070982190913 0.302742343112205
-0.146963320593962 1.15579423740769
-0.229245401632229 1.02965477610134
-0.130034430968677 0.957197249929573
0.0169894523072159 1.1354482579225
0.0169894523072159 1.1354482579225
-0.21802382683494 1.08814957608395
-0.09321659046292 0.271749330331148
-0.09321659046292 0.271749330331148
0.183279821791944 1.06002873038621
-0.0931078214089766 0.354984069926187
-0.0460655826001864 0.175678358456165
0.0262121960555301 0.974715966755039
-0.0931078214089766 0.354984069926187
-0.0979019482841866 0.438664271788442
0.279623088001498 0.960621106463976
-0.0112944346758315 0.0154268025065507
-0.0486689907232635 -0.0624699497536545
-0.135070982190913 0.302742343112205
0.0577677146683864 0.595081614828282
0.183279821791944 1.06002873038621
-0.0224779367876552 0.365779149477202
-0.232940679667452 0.217538972172652
-0.0491941662086288 0.306018024391751
0.25161325291049 0.691472582664902
0.164770945305253 1.08049676313541
0.0676577273834134 0.314809052597464
0.343454341366015 1.11175996286268
0.25161325291049 0.691472582664902
0.0971153281395121 0.217712935154484
0.279623088001498 0.960621106463976
0.290771677132288 0.749331885738653
0.0676577273834134 0.314809052597464
-0.0146218004076549 -0.0693328628473762
0.04468442086673 0.00386237606584316
-0.0475550511611681 1.21467648805182
-0.0475550511611681 1.21467648805182
-0.0475550511611681 1.21467648805182
-0.0919269943777149 0.862738672715502
-0.226319574212632 1.14107041955548
-0.0493583503267293 0.133652433357663
0.00878980788193542 -0.195486257318144
-0.0224779367876552 0.365779149477202
0.458382524998873 1.12673221918032
0.290771677132288 0.749331885738653
0.0764208276284136 0.0351383710969639
-0.0102545942316269 -0.108909267041296
0.0282577075086102 -0.0411256956371935
0.025763050629811 -0.0173361821407787
-0.0486689907232635 -0.0624699497536545
0.0325993479120696 -0.0152361732478177
0.025763050629811 -0.0173361821407787
0.0502226218936318 -0.0736775725260273
0.0711344088130055 -0.0673031584616306
0.0805193652759863 -0.0606957818783786
0.110485034069561 0.0509766133257672
0.0357840471222781 0.432230542702787
-0.117023015237193 0.704039674944873
0.0357840471222781 0.432230542702787
0.190254921368403 -0.0243565792131587
0.136564973529288 -0.0183634039047813
0.0827773914000802 -0.252951143385536
0.11486706616687 -0.284479558555057
0.130094537858126 -0.197876960739258
0.14538612053741 0.510279467542028
0.458513535408526 0.72052863941553
0.186964694582362 0.93707294131746
0.458513535408526 0.72052863941553
0.663223317857284 1.03884736917465
-0.0201730387053923 -0.0268503211324089
-0.0467295856926244 0.256387825956721
-0.024411119484997 0.0203759289873328
0.00331769070919719 0.182548724340469
0.00331769070919719 0.182548724340469
-0.0319399927791993 -0.00917723064864528
-0.00567265767556702 0.225821503762417
0.00331769070919719 0.182548724340469
-0.0842723698833802 -0.401442759667634
-0.181422090259716 -0.260147747550835
-0.324353742309378 -0.332102499861477
-0.117586136960735 -0.105126676001995
-0.0319399927791993 -0.00917723064864528
0.0548860091650066 0.107450937014454
0.0385691871286194 0.211834734372839
0.034981405668665 -0.338320623386734
-0.014299612822261 -0.234879939820501
0.0677579836148936 -0.350968637299388
0.0104074700629256 0.13092594017293
0.0104074700629256 0.13092594017293
-0.0102545942316269 -0.108909267041296
-0.0102545942316269 -0.108909267041296
-0.0226675437045817 -0.152595798278856
-0.0139054795045635 -0.0990571335794497
-0.0332590111279619 -0.0925931246666833
-0.0146218004076549 -0.0693328628473762
-0.0139054795045635 -0.0990571335794497
0.0488643634692987 -0.0576112035501195
0.663223317857284 1.03884736917465
-0.00552077967917924 0.798439355268243
0.0773612261518507 -0.293565446552305
-0.0238680323588207 0.0448296802470002
0.0917410808442417 0.262682285481728
-0.0814844314688825 0.162944913312029
0.0796544592435675 -0.214740197765311
0.222367468094304 0.484890439267401
0.458382524998873 1.12673221918032
0.372104446113817 0.804312122526013
0.458382524998873 1.12673221918032
