-90.12 28.26
-85.6 26
-81.11 24.71
-89.2 28.2
-89.7 25.9
-88.1 29.1
-93.5 28.6
-80.4 25
-96 25.2
-87.3 26.9
-90.2 27
-81.9 23.9
-87.3 28.9
-83.6 24.6
-90.1 26.9
-88.5 27.9
-88.29 29.92
-92.6 27.9
-80.9 24.8
-90.9 26.2
-90.3 26.9
-81.1 24.3
-89.41 28.93
-81.81 24.55
-90.3 27
-80.2 28.5
-87.35 29.14
-80.16 25.73
-80.6 29.9
-80.5 24.7
-80.3 28.2
-80.2 27.6
-80.5 28.4
-91.8 27.5
-88.2 29.2
-81.8 24.2
-89.12 24.01
-80.1 27.8
-84.5 28.5
-82.83 27.98
-80.2 29.5
-86 28.8
-92.2 27.8
-89.5 28.4
-90.6 26.9
-90.12 28.27
-82.76 27.6
-83.3 28.3
-85.4 25.3
-92.2 27.7
-87.3 26.7
-80.3 28.9
-80.1 28.1
-81.1 25.08
-82.9 27.2
-90.4 27
-90.5 27
-93.1 27.1
-82.2 24.3
-80.7 23.8
-84.6 24.7
-83.3 24.3
-83.4 27.8
