82.8480434782609
84.066170212766
87.5992401215806
73.0934300993125
83.2625531914894
78.1815312682642
73.7036144578313
83.33625
75.3977777777778
84.54
68.3932773109244
84.2
71.645
76.1
76.04
82.6
84.8945226917058
85.86
86.5129310344828
83.3819444444444
67.7168
70.9314285714286
79.7001390820584
87.3564655172414
87.8
81.2492553191489
84.6952777777778
84.48828125
84.8137931034483
79.5125
74.075
80.3322920450418
80.0413953488372
65.8514285714286
84.0638502673797
60.7233333333333
83.5031695721078
77.9761904761905
81.9141489361702
88.2833684210526
79.4979797979798
82.6434042553192
75.3836734693878
84.3818181818182
77.0764705882353
80.9918484500574
85.6571428571429
85.4779591836735
63.86
70.1223880597015
82.88
82.184
82.0244444444444
86.35625
83.494013880856
74.8293103448276
71.1673469387755
82.6714285714286
71.265
83.321052631579
82.4
74
82.0333333333333
